planet_name,period,planet_mass,planet_radius,planet_mass_rel_err,planet_radius_rel_err,stellar_eff_temp,gaia_dr3_id,stellar_surface_gravity
55 Cnc e,0.7365474,0.02514,0.167,0.0407716785998408,0.0179640718562874,5172.0,704967037090946688,4.43
CoRoT-7 b,0.8535,0.01905,0.136,0.10761154855643,0.0441176470588235,5250.0,3107267177757848576,
EPIC 220674823 b,0.571292,0.02583,0.154,0.0913666279519938,0.0194805194805194,5532.0,2582617711154563968,
EPIC 249893012 b,3.5951,0.02753,0.174,0.124046494733019,0.043103448275862,5430.0,6259263137059042048,3.99
GJ 9827 b,1.208974,0.01347,0.128,0.0794357832219747,0.0546875,4236.0,2643842302456085888,4.72
GJ 9827 c,3.648103,0.00585,0.101,0.204273504273504,0.0495049504950495,4236.0,2643842302456085888,4.72
GJ 9827 d,6.201812,0.0095,0.169,0.19,0.0769230769230769,4236.0,2643842302456085888,4.72
K2-229 b,0.584249,0.00815,0.104,0.165644171779141,0.048076923076923,5185.0,3583630934082556416,4.56
HD 136352 b,11.57797,0.01485,0.148,0.0888888888888888,0.027027027027027,5664.0,5902750168276592256,4.39
HD 137496 b,1.62116,0.01271,0.117,0.136113296616837,0.0384615384615384,5799.0,6258810550587404672,4.05
HD 15337 b,4.75642,0.02265,0.152,0.112582781456954,0.0328947368421052,5131.0,5068777809824976256,4.37
HD 20329 b,0.926118,0.02335,0.153,0.146895074946467,0.0392156862745098,5596.0,30398648945512960,4.4
HD 213885 b,1.008035,0.02778,0.156,0.0743340532757379,0.032051282051282,5978.0,6407428994690988928,4.38
HD 219134 b,3.092926,0.01491,0.143,0.0402414486921529,0.0349650349650349,4699.0,2009481748875806976,4.57
HD 219134 c,6.76458,0.01372,0.135,0.0502915451895043,0.0296296296296296,4699.0,2009481748875806976,4.57
HD 23472 b,17.667087,0.02618,0.178,0.0943468296409472,0.0533707865168539,4684.0,4674216245427964416,4.53
HD 23472 c,29.79749,0.01073,0.167,0.247903075489282,0.0628742514970059,4684.0,4674216245427964416,4.53
HD 3167 b,0.95965428,0.01488,0.145,0.0601478494623655,0.0413793103448275,5300.0,2554032474712538880,4.47
HD 80653 b,0.719573,0.018,0.144,0.0619444444444444,0.0416666666666666,5959.0,606477252238780160,
HIP 29442 c,3.53796,0.01416,0.141,0.0663841807909604,0.0673758865248227,5289.0,2993561629444856960,4.39
K2-111 b,5.3518,0.01756,0.162,0.131833712984055,0.0555555555555555,5775.0,53006669599267328,
K2-131 b,0.3693038,0.02486,0.151,0.164521319388576,0.043046357615894,5120.0,3580920878437938688,
K2-141 b,0.2803244,0.01564,0.135,0.0693734015345268,0.0296296296296296,4570.0,2643952940813536768,
K2-216 b,2.1748,0.02517,0.156,0.199841080651569,0.0769230769230769,4503.0,2556231154370582400,4.57
K2-265 b,2.369172,0.02058,0.153,0.128279883381924,0.065359477124183,5477.0,2597119620985658496,4.42
K2-291 b,2.225177,0.02042,0.142,0.178746327130264,0.0492957746478873,5520.0,3409148746676599168,4.5
K2-38 b,4.01593,0.02423,0.148,0.149401568303756,0.0608108108108108,5705.0,6237129658760381056,
Kepler-10 b,0.8374907,0.01026,0.131,0.0916179337231968,0.0190839694656488,5708.0,2132155017099178624,
Kepler-107 c,4.901452,0.03146,0.142,0.199936427209154,0.0140845070422535,5854.0,2086625752425381632,
Kepler-128 b,15,0.01192,0.127,0.1875,0.031496062992126,6072.0,2105318412166111232,
Kepler-128 c,22.8,0.01063,0.136,0.186735653809972,0.0294117647058824,6072.0,2105318412166111232,
Kepler-1705 b,9.03502,0.01406,0.181,0.101706970128023,0.0635359116022099,6312.0,2081875484241210240,4.3
Kepler-20 b,3.6961049,0.03052,0.158,0.134010484927916,0.0253164556962025,5495.0,2102548708017562112,
Kepler-21 b,2.7858212,0.0236,0.146,0.173305084745763,0.0102739726027397,6305.0,2099606483621385216,
Kepler-23 b,7.1,0.00805,0.146,0.162111801242236,0.0273972602739726,5828.0,2135019107451751168,
Kepler-36 b,13.83989,0.01227,0.134,0.0513447432762836,0.0671641791044776,5911.0,2129931456691176576,4.045
Kepler-78 b,0.35500744,0.00588,0.107,0.142006802721088,0.0747663551401869,5121.0,2078373642776670080,4.61
Kepler-60 b,7.1,0.01655,0.169,0.0845921450151057,0.0325443786982248,6024.0,2102316985943863424,
Kepler-65 d,8.13167,0.013,0.142,0.192307692307692,0.0246478873239436,6220.0,2102119176929154304,
Kepler-80 d,3.07222,0.01164,0.116,0.189432989690722,0.0775862068965517,4540.0,2076328963475704576,4.639
Kepler-93 b,4.72673978,0.01466,0.132,0.113915416098226,0.0151515151515151,5669.0,2052747119115620352,
TOI-1444 b,0.4702694,0.01218,0.125,0.183087027914614,0.048,5430.0,2274696151198328960,4.49
TOI-1347 b,0.84742346,0.03492,0.161,0.108247422680412,0.0559006211180124,5464.0,2265406171296997888,4.64
TOI-1416 b,1.0697568,0.01095,0.145,0.135159817351598,0.0482758620689655,4884.0,1491634483976350720,4.52
TOI-178 c,3.23845,0.01501,0.149,0.128914057295136,0.0637583892617449,4316.0,2318295979126499200,4.45
TOI-1807 b,0.549374,0.00809,0.122,0.19406674907293,0.0655737704918032,4730.0,1476485996883837184,4.55
TOI-238 b,1.2730991,0.0107,0.125,0.135514018691589,0.064,5059.0,2405081733281425280,4.58
TOI-431 b,0.490047,0.00966,0.114,0.113871635610766,0.0350877192982456,4850.0,2908664557091200768,4.6
TOI-500 b,0.548177,0.00447,0.104,0.12751677852349,0.048076923076923,4440.0,5509620021956148736,4.62
TOI-544 b,1.548352,0.00909,0.18,0.166116611661166,0.0388888888888888,4169.0,3220926542276901888,4.68
TOI-561 b,0.4465688,0.00705,0.122,0.0893617021276595,0.0327868852459016,5326.0,3850421005290172416,4.5
TOI-733 b,4.884765,0.018,0.178,0.120555555555555,0.0449438202247191,5585.0,5392409372314518656,4.47
TOI-836 b,3.81673,0.01425,0.152,0.196491228070175,0.0394736842105263,4552.0,6230733559097425152,4.74
WASP-47 e,0.78961,0.02832,0.163,0.055614406779661,0.0122699386503067,5552.0,2613413008919918976,
Wolf 503 b,6.00127,0.0197,0.182,0.110913705583756,0.0329670329670329,4716.0,3620325206217720320,4.62
