planet_name,period,planet_mass,planet_radius,planet_mass_rel_err,planet_radius_rel_err,stellar_eff_temp,gaia_dr3_id,stellar_surface_gravity,Number of Spectra
55 Cnc e,0.7365474,0.02514,0.167,0.0407716785998408,0.0179640718562874,5172.0,704967037090946688,4.43,4
CoRoT-7 b,0.8535,0.01905,0.136,0.10761154855643,0.0441176470588235,5250.0,3107267177757848576,,3
EPIC 220674823 b,0.571292,0.02583,0.154,0.0913666279519938,0.0194805194805194,5532.0,2582617711154563968,,24
EPIC 249893012 b,3.5951,0.02753,0.174,0.124046494733019,0.043103448275862,5430.0,6259263137059042048,3.99,35
K2-229 b,0.584249,0.00815,0.104,0.165644171779141,0.048076923076923,5185.0,3583630934082556416,4.56,1
HD 136352 b,11.57797,0.01485,0.148,0.0888888888888888,0.027027027027027,5664.0,5902750168276592256,4.39,2
HD 137496 b,1.62116,0.01271,0.117,0.136113296616837,0.0384615384615384,5799.0,6258810550587404672,4.05,2
HD 15337 b,4.75642,0.02265,0.152,0.112582781456954,0.0328947368421052,5131.0,5068777809824976256,4.37,2
HD 20329 b,0.926118,0.02335,0.153,0.146895074946467,0.0392156862745098,5596.0,30398648945512960,4.4,3
HD 213885 b,1.008035,0.02778,0.156,0.0743340532757379,0.032051282051282,5978.0,6407428994690988928,4.38,2
HD 23472 b,17.667087,0.02618,0.178,0.0943468296409472,0.0533707865168539,4684.0,4674216245427964416,4.53,104
HD 23472 c,29.79749,0.01073,0.167,0.247903075489282,0.0628742514970059,4684.0,4674216245427964416,4.53,104
HD 3167 b,0.95965428,0.01488,0.145,0.0601478494623655,0.0413793103448275,5300.0,2554032474712538880,4.47,4
HD 80653 b,0.719573,0.018,0.144,0.0619444444444444,0.0416666666666666,5959.0,606477252238780160,,1
K2-111 b,5.3518,0.01756,0.162,0.131833712984055,0.0555555555555555,5775.0,53006669599267328,,39
K2-131 b,0.3693038,0.02486,0.151,0.164521319388576,0.043046357615894,5120.0,3580920878437938688,,2
K2-141 b,0.2803244,0.01564,0.135,0.0693734015345268,0.0296296296296296,4570.0,2643952940813536768,,2
K2-216 b,2.1748,0.02517,0.156,0.199841080651569,0.0769230769230769,4503.0,2556231154370582400,4.57,2
K2-265 b,2.369172,0.02058,0.153,0.128279883381924,0.065359477124183,5477.0,2597119620985658496,4.42,1
K2-291 b,2.225177,0.02042,0.142,0.178746327130264,0.0492957746478873,5520.0,3409148746676599168,4.5,1
K2-38 b,4.01593,0.02423,0.148,0.149401568303756,0.0608108108108108,5705.0,6237129658760381056,,43
TOI-431 b,0.490047,0.00966,0.114,0.113871635610766,0.0350877192982456,4850.0,2908664557091200768,4.6,2
TOI-500 b,0.548177,0.00447,0.104,0.12751677852349,0.048076923076923,4440.0,5509620021956148736,4.62,2
TOI-561 b,0.4465688,0.00705,0.122,0.0893617021276595,0.0327868852459016,5326.0,3850421005290172416,4.5,2
TOI-836 b,3.81673,0.01425,0.152,0.196491228070175,0.0394736842105263,4552.0,6230733559097425152,4.74,1
WASP-47 e,0.78961,0.02832,0.163,0.055614406779661,0.0122699386503067,5552.0,2613413008919918976,,31
