planet_name,period,planet_mass,planet_radius,planet_mass_rel_err,planet_radius_rel_err,gaia_dr3_id,stellar_eff_temp,stellar_surface_gravity,stellar_metallicity,stellar_metallicity_upper,stellar_metallicity_lower,stellar_metallicity_ratio
55 Cnc e,0.7365474,0.02514,0.167,0.0407716785998408,0.0179640718562874,704967037090946688,5172.0,4.43,0.35,0.1,0.1,[Fe/H]
CoRoT-7 b,0.8535,0.01905,0.136,0.10761154855643,0.0441176470588235,3107267177757848576,5250.0,,,,,
EPIC 220674823 b,0.571292,0.02583,0.154,0.0913666279519938,0.0194805194805194,2582617711154563968,5532.0,,0.11,0.05,0.05,[Fe/H]
EPIC 249893012 b,3.5951,0.02753,0.174,0.124046494733019,0.043103448275862,6259263137059042048,5430.0,3.99,0.2,0.05,0.05,[Fe/H]
K2-229 b,0.584249,0.00815,0.104,0.165644171779141,0.048076923076923,3583630934082556416,5185.0,4.56,-0.06,0.02,0.02,[Fe/H]
HD 136352 b,11.57797,0.01485,0.148,0.0888888888888888,0.027027027027027,5902750168276592256,5664.0,4.39,-0.24,0.05,0.05,[M/H]
HD 137496 b,1.62116,0.01271,0.117,0.136113296616837,0.0384615384615384,6258810550587404672,5799.0,4.05,-0.03,0.04,0.04,[Fe/H]
HD 15337 b,4.75642,0.02265,0.152,0.112582781456954,0.0328947368421052,5068777809824976256,5131.0,4.37,0.03,0.04,0.04,[Fe/H]
HD 20329 b,0.926118,0.02335,0.153,0.146895074946467,0.0392156862745098,30398648945512960,5596.0,4.4,-0.07,0.06,0.06,[Fe/H]
HD 213885 b,1.008035,0.02778,0.156,0.0743340532757379,0.032051282051282,6407428994690988928,5978.0,4.38,-0.04,0.03,0.03,[Fe/H]
HD 3167 b,0.95965428,0.01488,0.145,0.0601478494623655,0.0413793103448275,2554032474712538880,5300.0,4.47,0.037,0.048,0.048,[Fe/H]
HD 80653 b,0.719573,0.018,0.144,0.0619444444444444,0.0416666666666666,606477252238780160,5959.0,,0.255,0.065,0.065,[Fe/H]
HIP 29442 c,3.53796,0.01416,0.141,0.0663841807909604,0.0673758865248227,2993561629444856960,5289.0,4.39,0.24,0.05,0.05,[Fe/H]
K2-111 b,5.3518,0.01756,0.162,0.131833712984055,0.0555555555555555,53006669599267328,5775.0,,-0.46,0.05,0.05,[Fe/H]
K2-131 b,0.3693038,0.02486,0.151,0.164521319388576,0.043046357615894,3580920878437938688,5120.0,,-0.04,0.07,0.07,[Fe/H]
K2-265 b,2.369172,0.02058,0.153,0.128279883381924,0.065359477124183,2597119620985658496,5477.0,4.42,0.078,0.02,0.02,[Fe/H]
K2-291 b,2.225177,0.02042,0.142,0.178746327130264,0.0492957746478873,3409148746676599168,5520.0,4.5,0.08,0.04,0.05,[Fe/H]
K2-38 b,4.01593,0.02423,0.148,0.149401568303756,0.0608108108108108,6237129658760381056,5705.0,,0.235,0.07,0.07,[Fe/H]
Kepler-10 b,0.8374907,0.01026,0.131,0.0916179337231968,0.0190839694656488,2132155017099178624,5708.0,,-0.15,0.04,0.04,[Fe/H]
Kepler-107 c,4.901452,0.03146,0.142,0.199936427209154,0.0140845070422535,2086625752425381632,5854.0,,0.321,0.065,0.065,[Fe/H]
Kepler-128 b,15,0.01192,0.127,0.1875,0.031496062992126,2105318412166111232,6072.0,,,,,
Kepler-128 c,22.8,0.01063,0.136,0.186735653809972,0.0294117647058824,2105318412166111232,6072.0,,,,,
Kepler-20 b,3.6961049,0.03052,0.158,0.134010484927916,0.0253164556962025,2102548708017562112,5495.0,,0.07,0.08,0.08,[Fe/H]
Kepler-21 b,2.7858212,0.0236,0.146,0.173305084745763,0.0102739726027397,2099606483621385216,6305.0,,-0.03,0.1,0.1,[Fe/H]
Kepler-23 b,7.1,0.00805,0.146,0.162111801242236,0.0273972602739726,2135019107451751168,5828.0,,,,,
Kepler-36 b,13.83989,0.01227,0.134,0.0513447432762836,0.0671641791044776,2129931456691176576,5911.0,4.045,-0.2,0.06,0.06,[M/H]
Kepler-78 b,0.35500744,0.00588,0.107,0.142006802721088,0.0747663551401869,2078373642776670080,5121.0,4.61,-0.08,0.04,0.04,[Fe/H]
Kepler-60 b,7.1,0.01655,0.169,0.0845921450151057,0.0325443786982248,2102316985943863424,6024.0,,,,,
Kepler-65 d,8.13167,0.013,0.142,0.192307692307692,0.0246478873239436,2102119176929154304,6220.0,,0.13,0.04,0.04,[Fe/H]
Kepler-93 b,4.72673978,0.01466,0.132,0.113915416098226,0.0151515151515151,2052747119115620352,5669.0,,-0.18,0.1,0.1,[Fe/H]
TOI-1444 b,0.4702694,0.01218,0.125,0.183087027914614,0.048,2274696151198328960,5430.0,4.49,0.13,0.06,0.06,[Fe/H]
TOI-1347 b,0.84742346,0.03492,0.161,0.108247422680412,0.0559006211180124,2265406171296997888,5464.0,4.64,0.04,0.06,0.06,[Fe/H]
TOI-238 b,1.2730991,0.0107,0.125,0.135514018691589,0.064,2405081733281425280,5059.0,4.58,-0.114,0.051,0.051,[Fe/H]
TOI-561 b,0.4465688,0.00705,0.122,0.0893617021276595,0.0327868852459016,3850421005290172416,5326.0,4.5,-0.41,0.05,0.05,[Fe/H]
TOI-733 b,4.884765,0.018,0.178,0.120555555555555,0.0449438202247191,5392409372314518656,5585.0,4.47,-0.04,0.05,0.05,[Fe/H]
WASP-47 e,0.78961,0.02832,0.163,0.055614406779661,0.0122699386503067,2613413008919918976,5552.0,,,,,
