planet_name,period,planet_mass,planet_radius,planet_mass_rel_err,planet_radius_rel_err,stellar_eff_temp,teff_gaia_dr3,gaia_dr3_id
Name,P,M<sub>p</sub>,R<sub>p</sub>,Relative Mass Error,Relative Radius Error,T<sub>eff</sub>,Teff (Gaia DR3),Gaia DR3 ID
-,DAY,JUPITERMASS,JUPITERRADIUS,-,-,KELVIN,KELVIN,-
-----------,------,-----------,-------------,-------------------,---------------------,----------------,-------------,-----------
55 Cnc e,0.7365474,0.02514,0.167,0.0407716785998408,0.0179640718562874,5172,5184.4775390625,704967037090946688
CoRoT-1 b,1.5089557,1.03,1.49,0.116504854368932,0.0536912751677852,5950,6299.2138671875,3105507886130792448
CoRoT-10 b,13.2406,2.73,0.97,0.0512820512820512,0.0721649484536082,5075,4772.052734375,4263752921128319616
CoRoT-11 b,2.99433,2.33,1.43,0.145922746781116,0.0209790209790209,6440,6248.98876953125,4285511294172309504
CoRoT-12 b,2.82805268,0.873,1.344,0.0910652920962199,0.0539434523809523,5675,5245.56884765625,3107255598526406912
CoRoT-13 b,4.03519,1.308,0.885,0.0504587155963302,0.015819209039548,5945,5793.70166015625,3101974231859723776
CoRoT-14 b,1.51214,7.42,1.09,0.0633423180592991,0.0642201834862385,6040,5408.77001953125,3101145195794755072
CoRoT-17 b,3.7681,2.41,1.02,0.109958506224066,0.0686274509803921,5740,5279.8193359375,4255957040079935488
CoRoT-18 b,1.9000693,3.27,1.251,0.0519877675840978,0.0663469224620303,5440,5279.708984375,3120058170178779392
CoRoT-19 b,3.89713,1.155,1.29,0.0623376623376623,0.0232558139534883,6090,5941.48876953125,3120002649138831360
CoRoT-2 b,1.74299673,3.3,1.466,0.056060606060606,0.029331514324693,5625,5532.365234375,4287820848378092672
CoRoT-20 b,9.24285,4.23,0.84,0.0602836879432624,0.0476190476190476,5880,6083.99365234375,3120122805143587328
CoRoT-26 b,4.20474,0.52,1.26,0.0961538461538461,0.0793650793650793,5590,5258.31005859375,4286437357841760000
CoRoT-27 b,3.57532,10.3,1.007,0.0796116504854368,0.0436941410129096,5900,5468.38720703125,4284721191974346752
CoRoT-28 b,5.20851,0.481,0.955,0.116424116424116,0.069109947643979,5150,5176.67333984375,4284680029006075648
CoRoT-3 b,4.2567994,21.23,0.993,0.0332077249175694,0.0584088620342396,6740,6596.62255859375,4263427117767106816
CoRoT-30 b,9.06005,2.9,1.009,0.0758620689655172,0.0753221010901883,5650,5243.283203125,4477300378701511296
CoRoT-4 b,9.20205,0.703,1.19,0.102418207681366,0.0462184873949579,6190,5909.42431640625,3113201890547554432
CoRoT-5 b,4.0379156,0.459,1.256,0.0925925925925925,0.0362261146496815,6100,6189.955078125,3125611120515388800
CoRoT-6 b,8.886593,2.95,1.166,0.0949152542372881,0.0300171526586621,6090,5922.4638671875,4285684673395749120
CoRoT-7 b,0.8535,0.01905,0.136,0.10761154855643,0.0441176470588235,5250,5351.17138671875,3107267177757848576
CoRoT-8 b,6.21229,0.22,0.57,0.136363636363636,0.0350877192982456,5080,4786.0361328125,4287832775526476800
CoRoT-9 b,95.2738,0.826,1.037,0.100484261501211,0.0790742526518804,5625,5330.2900390625,4285571629874670080
EPIC 220674823 b,0.571292,0.02583,0.154,0.0913666279519938,0.0194805194805194,5532,5496.630859375,2582617711154563968
EPIC 229004835 b,16.141132,0.03272,0.208,0.148991442542787,0.0360576923076923,5868,5745.5322265625,3694798019281730944
EPIC 249893012 b,3.5951,0.02753,0.174,0.124046494733019,0.043103448275862,5430,5565.041015625,6259263137059042048
EPIC 249893012 c,15.624,0.04616,0.327,0.127166377816291,0.0412844036697247,5430,5565.041015625,6259263137059042048
GJ 3473 b,1.1980035,0.00585,0.113,0.160683760683761,0.0353982300884955,3347,,3094290054327367168
EPIC 249893012 d,35.747,0.03203,0.352,0.239619107087106,0.0326704545454545,5430,5565.041015625,6259263137059042048
GJ 1132 b,1.628931,0.00522,0.101,0.137931034482759,0.0495049504950495,3270,3009.68872070312,5413438219396893568
GJ 1214 b,1.58040453,0.02646,0.244,0.0421390778533635,0.0122950819672131,3101,,4393265392168829056
GJ 1252 b,0.5182331,0.00415,0.106,0.212048192771084,0.0660377358490566,3458,3319.10595703125,6468968316900356736
GJ 143 b,35.61253,0.07142,0.233,0.090310837300476,0.0622317596566523,4640,4425.02783203125,4673947174316727040
GJ 3090 b,2.853136,0.01051,0.19,0.215984776403425,0.0526315789473684,3556,,4933912198895807104
GJ 3470 b,3.3366496,0.04373,0.408,0.107935056025612,0.0392156862745098,3600,,654687847820642560
GJ 357 b,3.93072,0.00579,0.109,0.169257340241796,0.0642201834862385,3505,3204.3515625,5664814198431308288
GJ 367 b,0.3219225,0.00199,0.062,0.0804020100502512,0.032258064516129,3522,3282.43237304688,5412250540681250560
GJ 436 b,2.64389788,0.0728,0.374,0.0329670329670329,0.0267379679144385,3350,3228.14184570312,4017860992519744384
GJ 486 b,1.467119,0.00887,0.116,0.0411499436302142,0.0517241379310344,3340,3038.98291015625,3735000631158990976
GJ 806 b,0.9263237,0.00598,0.119,0.088628762541806,0.0168067226890756,3600,3526.56640625,2070115588901082368
GJ 9827 b,1.208974,0.01347,0.128,0.0794357832219747,0.0546875,4236,4182.046875,2643842302456085888
HAT-P-27 b,3.0395824,0.616,1.02,0.0487012987012987,0.0637254901960784,5190,5307.8115234375,1159336403336463872
GJ 9827 c,3.648103,0.00585,0.101,0.204273504273504,0.0495049504950495,4236,4182.046875,2643842302456085888
GJ 9827 d,6.201812,0.0095,0.169,0.19,0.0769230769230769,4236,4182.046875,2643842302456085888
GPX-1 b,1.744579,19.7,1.47,0.0812182741116751,0.0680272108843537,7000,,457317534880081152
Gaia-1 b,3.052524,1.68,1.229,0.0654761904761904,0.017087062652563,5470,5284.58056640625,3026325426682637824
Gaia-2 b,3.6915224,0.817,1.322,0.0575275397796817,0.0098335854765506,5720,5683.49267578125,1107980654748582144
HAT-P-1 b,4.4652934,0.524,1.225,0.0591603053435114,0.0481632653061224,5975,5832.33447265625,1928431764627661440
HAT-P-11 b,4.887802443,0.0873,0.389,0.112256586483391,0.013624678663239,4780,4642.484375,2086512227851023872
HAT-P-12 b,3.2130598,0.211,0.959,0.0568720379146919,0.0260688216892596,4650,4507.6455078125,1499514786891168640
HAT-P-13 b,2.91625,0.851,1.272,0.044653349001175,0.0511006289308176,5653,5758.42822265625,1014520826353577088
HAT-P-14 b,4.627669,2.232,1.15,0.0264336917562723,0.0452173913043478,6600,6476.6025390625,1340497608486742400
HAT-P-15 b,10.863502,1.946,1.072,0.0339157245632065,0.0401119402985074,5568,5372.22021484375,179498266829041664
HAT-P-16 b,2.77597024,4.189,1.19,0.0219622821675817,0.0294117647058823,6158,6029.45703125,381592313648387200
HAT-P-17 b,10.338523,0.534,1.01,0.0337078651685393,0.0287128712871287,5246,5286.39990234375,1849786481032616960
HAT-P-18 b,5.507978,0.196,0.947,0.0408163265306122,0.0464625131995776,4870,4718.59423828125,1334573817793362560
HAT-P-19 b,4.00878322,0.277,1.008,0.0595667870036101,0.0133928571428571,4962,4931.84716796875,365426679516816512
HAT-P-2 b,5.63341,8.62,0.951,0.0545243619489559,0.0483701366982124,6290,6399.8212890625,1380825667768742144
HAT-P-20 b,2.87531694,7.22,1.025,0.0498614958448753,0.0517073170731707,4595,4649.17138671875,869913435026514688
HAT-P-22 b,3.21222,2.147,1.08,0.0284117373078714,0.0537037037037037,5302,5280.56689453125,846946629987527168
HAT-P-23 b,1.21288287,1.97,1.368,0.0609137055837563,0.0657894736842105,5905,5774.3515625,1808938730710633984
HAT-P-24 b,3.35524,0.685,1.242,0.0481751824817518,0.0539452495974235,6373,6292.619140625,3167323052618369408
HAT-P-25 b,3.652836,0.567,1.19,0.0388007054673721,0.057563025210084,5500,5040.71044921875,111322601672419712
HAT-P-28 b,3.257215,0.637,1.212,0.0580847723704866,0.0792079207920792,5680,5661.15625,363702817083391232
HAT-P-29 b,5.72339,0.767,1.064,0.059973924380704,0.0671992481203007,6115,,359058441314838528
HAT-P-3 b,2.899736,0.584,0.947,0.047945205479452,0.0327349524815205,5185,5164.345703125,1510191594552968832
HAT-P-30 b,2.810595,0.711,1.34,0.0393811533052039,0.0485074626865671,6304,6135.7890625,3096441729861716224
HAT-P-32 b,2.1500082,0.68,1.98,0.154411764705882,0.0227272727272727,6001,6245.11328125,356348286886230272
HAT-P-33 b,3.474474,0.66,1.686,0.212121212121212,0.0266903914590747,6446,6466.90673828125,893550942158776832
HAT-P-35 b,3.646706,1.054,1.332,0.0313092979127134,0.0735735735735735,6096,6001.6572265625,3094733088793018240
HAT-P-36 b,1.32734683,1.8482,1.277,0.0470728276160588,0.0156617071260767,5620,5723.51123046875,1541532207133249920
HAT-P-37 b,2.797436,1.169,1.178,0.088109495295124,0.065365025466893,5500,5454.439453125,2133946843094378752
HAT-P-39 b,3.54387,0.569,1.571,0.174868189806678,0.0607893061744112,6430,,3169391577586325120
HAT-P-4 b,3.0565195,0.556,1.367,0.122302158273381,0.0351133869787856,5860,5888.18408203125,1291120362349158016
HAT-P-40 b,4.457243,0.581,1.73,0.0576592082616179,0.0358381502890173,6080,,1962153854973972096
HAT-P-41 b,2.694047,0.795,1.685,0.0924528301886792,0.0376854599406528,6390,6458.13671875,4290415081653653632
HAT-P-43 b,3.332687,0.662,1.281,0.0906344410876132,0.0370804059328649,5645,5638.75244140625,601321985813952000
HAT-P-44 b,4.301219,0.352,1.242,0.0823863636363636,0.0632045088566827,5295,5228.23583984375,1506159170017461888
HAT-P-47 b,4.732182,0.206,1.313,0.189320388349515,0.0342726580350342,6703,6563.98046875,131624808999798656
HAT-P-48 b,4.40865,0.168,1.131,0.142857142857143,0.0477453580901856,5946,5735.32177734375,135197672034753920
HAT-P-49 b,2.691548,1.73,1.413,0.118497109826589,0.0725406935598018,6820,6739.13623046875,1835842749465226368
HAT-P-5 b,2.7884736,1.02,1.254,0.0980392156862745,0.0426634768740031,5960,5752.1474609375,4606030169272920320
HAT-P-50 b,3.1220109,1.35,1.288,0.054074074074074,0.0496894409937888,6280,6188.2763671875,3151961363348862720
HAT-P-51 b,4.21802091,0.307,1.205,0.0667752442996742,0.0136929460580912,5453,5420.8564453125,316706322857704960
HAT-P-52 b,2.7535953,0.817,1.009,0.0489596083231334,0.0713577799801783,5131,4931.736328125,128623485853170432
HAT-P-53 b,1.9616241,1.477,1.318,0.0291130670277589,0.0690440060698027,5956,5744.2109375,323386882492982144
HAT-P-54 b,3.799847,0.76,0.944,0.0421052631578947,0.0296610169491525,4390,4445.01904296875,3383298227579280640
HAT-P-55 b,3.5852313,0.596,1.324,0.121644295302013,0.0169939577039274,5804,5626.28515625,4593808272896243328
HAT-P-56 b,2.7908327,1.9,1.466,0.131578947368421,0.0272851296043656,6566,6480.0380859375,3385777286999240576
HAT-P-58 b,4.0138379,0.372,1.332,0.0806451612903225,0.0322822822822822,6078,6061.01806640625,277493615044741376
HAT-P-59 b,4.1419771,1.54,1.123,0.0435064935064935,0.0115761353517364,5678,5557.6220703125,2241743203599727744
HAT-P-6 b,3.852985,1.057,1.33,0.112582781456954,0.0458646616541353,6570,6715.83544921875,1925321658551399040
HAT-P-60 b,4.7947813,0.574,1.631,0.0662020905923344,0.0147148988350705,6212,6411.10546875,359678187913760384
HAT-P-61 b,1.90231289,1.057,0.899,0.0662251655629139,0.0300333704115684,5587,5173.06005859375,256580182331399296
HAT-P-62 b,2.6453235,0.761,1.073,0.115637319316688,0.027027027027027,5629,5331.0859375,255397142179844224
HAT-P-63 b,3.377728,0.614,1.119,0.0390879478827361,0.0294906166219839,5400,,4474644332250439552
HAT-P-65 b,2.60544751,0.554,1.611,0.165162454873646,0.0148975791433892,5872,5853.302734375,1757302881526250496
HAT-P-68 b,2.29840551,0.724,1.072,0.0593922651933701,0.0111940298507462,4508,4508.447265625,675443053940533760
HAT-P-69 b,4.7869491,3.58,1.676,0.162011173184358,0.0250596658711217,7394,7675.48974609375,3080104185367102592
HAT-P-7 b,2.2047372,1.682,1.491,0.0121878715814506,0.0409121395036888,6441,,2129256395211984000
HAT-P-8 b,3.0763458,1.354,1.5,0.0258493353028065,0.0466666666666666,6200,6093.580078125,1891507552826485632
HAT-P-9 b,3.92289,0.67,1.4,0.119402985074627,0.0428571428571428,6350,6146.14208984375,898130030131443584
HATS-10 b,3.312846,0.526,0.969,0.153992395437262,0.0546955624355005,5880,,6771939433131924096
HATS-11 b,3.6191634,0.83,1.487,0.120481927710843,0.0208473436449226,6060,5747.26123046875,6771149120491232768
HATS-12 b,3.1428347,2.39,1.384,0.0364016736401673,0.0426300578034682,6408,6345.25732421875,4083840142695803520
HATS-13 b,3.0440499,0.543,1.212,0.132596685082873,0.0288778877887788,5523,5192.28759765625,6803000980210856704
HATS-14 b,2.7667641,1.069,1.039,0.0893358278765201,0.0259865255052935,5346,5228.2099609375,6805149288493408640
HATS-15 b,1.74748753,2.17,1.105,0.0691244239631336,0.0361990950226244,5311,4989.2060546875,6858088299469303168
HATS-17 b,16.254611,1.338,0.777,0.0485799701046337,0.072072072072072,5846,5574.97900390625,6127982342061605120
HATS-18 b,0.83784,1.9795,1.329,0.0383935337206365,0.0564334085778781,5600,5540.32861328125,3483636295773117440
HATS-2 b,1.354133,1.345,1.168,0.111524163568773,0.0256849315068493,5227,5039.54296875,3492502001623237888
HATS-22 b,4.7228124,2.74,0.953,0.0401459854014598,0.040398740818468,4803,4652.09716796875,3483606402800185728
HATS-24 b,1.3484978,2.26,1.395,0.0752212389380531,0.0408602150537634,6125,,5911182735242698496
HATS-25 b,4.2986432,0.613,1.26,0.0685154975530179,0.0793650793650793,5715,5695.6865234375,6287125101007614080
HATS-28 b,3.1810781,0.672,1.194,0.129464285714286,0.0586264656616415,5498,5442.208984375,6661242835829891584
HATS-29 b,4.6058749,0.653,1.251,0.0964777947932618,0.0487609912070343,5670,5603.05029296875,6638230431120193280
HATS-3 b,3.547851,1.1,1.381,0.168181818181818,0.0253439536567704,6351,6109.00439453125,6805886373600546176
HATS-30 b,3.1743516,0.706,1.175,0.0552407932011331,0.0442553191489361,5943,5821.203125,4906145613282734208
HATS-33 b,2.5495551,1.192,1.23,0.0444630872483221,0.0784552845528455,5659,5673.8505859375,6640975950310072960
HATS-35 b,1.8209993,1.222,1.464,0.0638297872340425,0.0385928961748633,6300,,6441034841743467776
HATS-36 b,4.1752387,3.216,1.235,0.0192786069651741,0.0348178137651821,6149,5722.27978515625,6771542097119292928
HATS-38 b,4.375021,0.074,0.614,0.148648648648649,0.0276872964169381,5732,5508.1640625,5472386851683941376
HATS-39 b,4.5776348,0.63,1.57,0.206349206349206,0.0764331210191082,6572,6438.8642578125,5605481703444311040
HATS-4 b,2.516729,1.309,1.02,0.0301757066462948,0.0362745098039215,5403,5284.81298828125,2937583121652951936
HATS-43 b,4.3888497,0.261,1.18,0.206896551724138,0.0423728813559322,5099,5079.18310546875,2905983466705521792
HATS-45 b,4.1876244,0.7,1.286,0.214285714285714,0.0723172628304821,6450,6236.50732421875,2926039005480063616
HATS-47 b,3.9228038,0.369,1.117,0.070460704607046,0.0125335720680393,4512,4550.634765625,6658373007402886400
HATS-48 A b,3.1316666,0.243,0.8,0.106995884773662,0.01875,4546,4607.9365234375,6638412919991750912
HATS-49 b,4.1480467,0.353,0.765,0.0920679886685552,0.0169934640522875,4405,4467.8720703125,4919770108539385472
HATS-5 b,4.763387,0.237,0.912,0.050632911392405,0.0274122807017543,5304,5286.7744140625,4899428146994060800
HATS-52 b,1.36665436,2.24,1.382,0.0669642857142857,0.0622286541244573,6010,5873.3916015625,5631530950664938240
HATS-53 b,3.8537768,0.595,1.34,0.149579831932773,0.0417910447761194,5644,5368.18408203125,3465357945752055040
Kepler-26 b,12.28,0.01526,0.287,0.0884665792922674,0.0452961672473868,4124,4260.41357421875,2107317358665730688
HATS-54 b,2.5441765,0.753,1.015,0.0756972111553784,0.0236453201970443,5621,5433.876953125,6087996849371141248
HATS-55 b,4.2042001,0.921,1.251,0.0825190010857763,0.0207833733013589,6214,5766.02685546875,5592019557950033536
HATS-56 b,4.324799,0.602,1.688,0.0581395348837209,0.0278436018957345,6536,6279.40234375,6144125887169672064
HATS-57 b,2.350621,3.147,1.139,0.023196695265332,0.0245829675153643,5587,5642.98876953125,5094406193214399616
HATS-58 A b,4.2180896,1.03,1.095,0.223300970873786,0.05662100456621,7175,,6128363666439822208
HATS-59 b,5.416081,0.806,1.126,0.0856079404466501,0.0683836589698046,5670,5564.97998046875,3538256769264276480
HATS-6 b,3.3252725,0.319,0.998,0.219435736677116,0.0190380761523046,3724,4663.29931640625,2966680597368750720
HATS-60 b,3.560829,0.662,1.153,0.0830815709969788,0.0459670424978317,5688,5616.4404296875,2596986648798061952
HATS-61 b,7.817953,3.4,1.195,0.0411764705882353,0.0560669456066945,5542,5445.49365234375,4890849134501995392
HATS-63 b,3.0566527,0.96,1.207,0.125,0.032311516155758,5627,5573.87451171875,4891362198412001408
HATS-64 b,4.908897,0.96,1.679,0.208333333333333,0.0482430017867778,6554,,5632704511826797824
HATS-65 b,3.105161,0.821,1.501,0.101096224116931,0.0333111259160559,6277,6231.66455078125,6766134630213144704
HATS-66 b,3.1414391,5.33,1.411,0.127579737335835,0.0595322466335931,6626,6440.41650390625,5582647836223843840
HATS-67 b,1.6091788,1.45,1.685,0.0827586206896551,0.0278931750741839,6594,,6144060260072337024
HATS-68 b,3.5862202,1.29,1.232,0.0457364341085271,0.0275974025974026,6147,5984.33203125,4904279261014267648
HATS-7 b,3.185315,0.12,0.563,0.1,0.0710479573712255,4985,4849.7568359375,6288858347945925504
HATS-70 b,1.8882378,12.9,1.384,0.131782945736434,0.0552745664739884,7930,8281.330078125,5605119586158973440
HATS-72 b,7.3279474,0.1254,0.722,0.0311004784688995,0.0041551246537396,4656.1,4556.05908203125,2594869603582993792
HATS-74 A b,1.73185606,1.46,1.032,0.0958904109589041,0.0203488372093023,3776.9,,3545653561942122368
HATS-75 b,2.7886556,0.491,0.884,0.0794297352342158,0.0147058823529411,3790.4,,5082914338199586560
HATS-76 b,1.9416423,2.629,1.079,0.0338531761125903,0.0287303058387395,4016,4197.43212890625,4877426575724467456
HATS-77 b,3.0876262,1.374,1.165,0.0633187772925764,0.0180257510729613,4071,4343.75732421875,5466556141521710592
HATS-9 b,1.915311,0.816,1.172,0.0465686274509803,0.0085324232081911,5494,5253.11083984375,4083159643769233408
HD 106315 c,21.05704,0.04782,0.388,0.243412797992472,0.0541237113402061,6327,6438.76904296875,3698307419878650240
HD 110113 b,2.541,0.01432,0.183,0.136173184357542,0.0601092896174863,5732,5651.40283203125,6133384959942131968
HD 114082 b,109.75,8,1,0.125,0.03,6651,6512.78125,6055854551117476480
HD 118203 b,6.1349847,2.282,1.076,0.0197195442594215,0.0325278810408921,5872,5943.8310546875,1560420854826284928
K2-229 b,0.584249,0.00815,0.104,0.165644171779141,0.048076923076923,5185,5263.03466796875,3583630934082556416
HD 136352 b,11.57797,0.01485,0.148,0.0888888888888888,0.027027027027027,5664,5620.91015625,5902750168276592256
HD 136352 c,27.59221,0.03536,0.26,0.056985294117647,0.0269230769230769,5664,5620.91015625,5902750168276592256
HD 136352 d,107.245,0.02775,0.229,0.104864864864865,0.0327510917030567,5664,5620.91015625,5902750168276592256
HD 137496 b,1.62116,0.01271,0.117,0.136113296616837,0.0384615384615384,5799,5739.1298828125,6258810550587404672
HD 1397 b,11.53533,0.415,1.026,0.0481927710843373,0.0253411306042885,5521,5650.19580078125,4707634458245031552
HD 149026 b,2.8758916,0.322,0.811,0.0403726708074534,0.0345252774352651,6160,5974.05126953125,1331356474971716992
Kepler-11 d,22.68719,0.0214,0.294,0.110280373831776,0.0612244897959183,5745,5522.06103515625,2076960598545789824
HD 15337 b,4.75642,0.02265,0.152,0.112582781456954,0.0328947368421052,5131,5063.17529296875,5068777809824976256
HD 15337 c,17.1784,0.02766,0.225,0.191250903832249,0.0399999999999999,5131,5063.17529296875,5068777809824976256
HD 17156 b,21.2163979,3.191,1.095,0.0103415857098088,0.0182648401826484,6079,5905.5615234375,545560867790611072
HD 183579 b,17.471278,0.06198,0.317,0.20054856405292,0.0378548895899053,5788,5695.8681640625,6641996571978861440
HD 189733 b,2.219,1.15,1.26,0.0347826086956521,0.0238095238095238,5050,4897.2509765625,1827242816201846144
HD 191939 b,8.8803256,0.03146,0.304,0.0699300699300699,0.0230263157894736,5348,5364.5517578125,2248126315275354496
Kepler-26 c,17.25,0.02353,0.277,0.0648108797280068,0.0433212996389892,4124,4260.41357421875,2107317358665730688
HD 191939 c,28.579743,0.02517,0.285,0.125148986889154,0.0245614035087719,5348,5364.5517578125,2248126315275354496
HD 202772 A b,3.308958,1.017,1.545,0.0678466076696165,0.0362459546925566,6272,,6790773586275235200
HD 20329 b,0.926118,0.02335,0.153,0.146895074946467,0.0392156862745098,5596,5755.4228515625,30398648945512960
HD 207897 b,16.202159,0.04531,0.223,0.111013021408078,0.0313901345291479,5070,4998.01123046875,2300641567596591488
HD 209458 b,3.52474859,0.682,1.359,0.0212609970674486,0.0128771155261221,6065,5996.3154296875,1779546757669063552
HD 213885 b,1.008035,0.02778,0.156,0.0743340532757379,0.032051282051282,5978,5747.67138671875,6407428994690988928
HD 219134 b,3.092926,0.01491,0.143,0.0402414486921529,0.0349650349650349,4699,,2009481748875806976
HD 219134 c,6.76458,0.01372,0.135,0.0502915451895043,0.0296296296296296,4699,,2009481748875806976
HD 219666 b,6.03607,0.05223,0.42,0.0783074861190886,0.0357142857142857,5527,5601.77734375,6492940453524576128
HD 221416 b,14.2767,0.19,0.836,0.0947368421052631,0.0352870813397129,5080,5064.89306640625,2388463203438164096
HD 23472 b,17.667087,0.02618,0.178,0.0943468296409472,0.0533707865168539,4684,4626.06689453125,4674216245427964416
HD 23472 c,29.79749,0.01073,0.167,0.247903075489282,0.0628742514970059,4684,4626.06689453125,4674216245427964416
K2-167 b,9.97748,0.02045,0.205,0.23838630806846,0.0756097560975609,6011,6012.3125,2594479109451475456
HD 260655 b,2.76953,0.00673,0.111,0.158989598811293,0.018018018018018,3803,3503.49536132812,3359074685047632640
HD 260655 c,5.70588,0.00972,0.137,0.155349794238683,0.0328467153284671,3803,3503.49536132812,3359074685047632640
HD 2685 b,4.12688,1.17,1.44,0.102564102564103,0.0347222222222222,6801,6604.24658203125,4684205720883329920
HD 3167 b,0.95965428,0.01488,0.145,0.0601478494623655,0.0413793103448275,5300,,2554032474712538880
HD 3167 c,29.8464948,0.03357,0.261,0.0777479892761394,0.0363984674329501,5300,,2554032474712538880
HD 332231 b,18.71204,0.244,0.867,0.0860655737704918,0.0299884659746251,6089,6031.48291015625,2056007995732413312
Kepler-11 e,31.9959,0.02108,0.357,0.164373814041746,0.0630252100840336,5745,5522.06103515625,2076960598545789824
HD 5278 b,14.339156,0.02454,0.219,0.185819070904645,0.0182648401826484,6203,6062.6787109375,4617759514501503616
HD 63935 b,9.058811,0.03398,0.267,0.16656856974691,0.0449438202247191,5534,5470.73828125,3145754895088191744
HD 63935 c,21.4023,0.03492,0.259,0.216208476517755,0.0463320463320463,5534,5470.73828125,3145754895088191744
HD 73583 c,18.87974,0.03052,0.213,0.180373525557012,0.0399061032863849,4511,4462.21923828125,5746824674801810816
HD 77946 b,6.527282,0.02637,0.241,0.15737580583997,0.0311203319502074,6046,5952.1640625,1011435012611767552
HD 80606 b,111.4357,3.94,0.98,0.0279187817258883,0.0306122448979591,5440,5471.78662109375,1019003226022657920
Kepler-24 b,8.14,0.03505,0.209,0.187589158345221,0.0382775119617225,6028,6017.20556640625,2052823535171095296
HD 80653 b,0.719573,0.018,0.144,0.0619444444444444,0.0416666666666666,5959,5817.8134765625,606477252238780160
HD 86226 c,3.98442,0.02281,0.193,0.159140727750986,0.0362694300518134,5863,5805.1826171875,5660492297395345408
HD 88986 b,146.05,0.05412,0.222,0.226810790835181,0.072072072072072,5861,5691.75439453125,741184091114529792
HD 89345 b,11.8143,0.11,0.66,0.159090909090909,0.0439393939393939,5576,5625.63330078125,3877070590167177344
HD 93963 A c,3.6451398,0.06041,0.288,0.213540804502566,0.0173611111111111,5987,5846.19921875,729899906357408768
HD 95338 b,55.087,0.13353,0.347,0.0506253276417284,0.0504322766570605,5212,5075.654296875,5340648488081462528
Kepler-24 c,12.33,0.03143,0.224,0.18358256442889,0.0401785714285714,6028,6017.20556640625,2052823535171095296
HD 97658 b,9.4897116,0.02611,0.189,0.132516277288395,0.0264550264550264,5212,5053.02880859375,3997075206232885888
HIP 116454 b,9.0949,0.03178,0.226,0.113908118313405,0.0707964601769911,5089,4989.44677734375,2645940376800212096
HIP 29442 b,13.63083,0.0302,0.31,0.0834437086092715,0.0209677419354838,5289,5236.72705078125,2993561629444856960
HIP 29442 c,3.53796,0.01416,0.141,0.0663841807909604,0.0673758865248227,5289,5236.72705078125,2993561629444856960
HIP 97166 b,10.28891,0.06293,0.244,0.0750039726680438,0.0491803278688524,5198,5080.78955078125,2288221003213039488
K2-110 b,13.86375,0.05003,0.231,0.169898061163302,0.0389610389610389,5010,4866.63916015625,3613175223837135616
K2-111 b,5.3518,0.01756,0.162,0.131833712984055,0.0555555555555555,5775,5450.263671875,53006669599267328
K2-114 b,11.3909311,2.01,0.932,0.0597014925373134,0.0332618025751072,4920,4884.5751953125,602494855483616256
K2-115 b,20.273034,0.84,1.115,0.226190476190476,0.052914798206278,5560,5704.08544921875,650778499868023296
K2-131 b,0.3693038,0.02486,0.151,0.164521319388576,0.043046357615894,5120,5071.83837890625,3580920878437938688
K2-132 b,9.1708,0.495,1.089,0.0132323232323232,0.0055096418732782,4878,,3582339626395387264
K2-136 c,17.30713,0.05695,0.268,0.102194907813872,0.044776119402985,4500,4550.01025390625,145916050683920128
K2-138 c,3.56004,0.01985,0.205,0.187153652392947,0.0463414634146341,5356.3,5281.33544921875,2413596935442139520
K2-138 d,5.40479,0.02492,0.213,0.172953451043339,0.0375586854460093,5356.3,5281.33544921875,2413596935442139520
K2-138 e,8.26146,0.04081,0.302,0.153026219063955,0.0397350993377483,5356.3,5281.33544921875,2413596935442139520
K2-139 b,28.38236,0.387,0.808,0.204134366925065,0.0414603960396039,5340,5208.0458984375,4084602654011029376
K2-140 b,6.569188,0.93,1.21,0.043010752688172,0.0743801652892562,5585,5558.41845703125,3579426053724051584
K2-141 b,0.2803244,0.01564,0.135,0.0693734015345268,0.0296296296296296,4570,4436.61328125,2643952940813536768
K2-146 b,2.6446,0.01816,0.183,0.013215859030837,0.0273224043715847,3385,,661192902209491456
K2-146 c,4.00498,0.02358,0.195,0.0131467345207803,0.0307692307692307,3385,,661192902209491456
K2-161 b,11.63365,0.179,0.84,0.111731843575419,0.013095238095238,5513,5272.4912109375,3598019899158204160
K2-180 b,8.8665,0.036,0.2,0.166666666666667,0.0549999999999999,5110,5353.82763671875,600750922666388992
K2-182 b,4.7369683,0.06293,0.24,0.249960273319561,0.0208333333333333,5170,,601480723509077632
K2-19 b,7.9222,0.10194,0.624,0.052481852069845,0.0288461538461538,5322,5348.1845703125,3798833775141351552
K2-19 c,11.8993,0.03398,0.366,0.05562095350206,0.0491803278688524,5322,5348.1845703125,3798833775141351552
K2-199 c,7.3744897,0.03901,0.254,0.185593437580108,0.0334645669291338,4491,4544.27392578125,3620501712193719296
K2-216 b,2.1748,0.02517,0.156,0.199841080651569,0.0769230769230769,4503,4628.54638671875,2556231154370582400
K2-222 b,15.38857,0.02737,0.21,0.195469492144684,0.0309523809523809,5942,5924.623046875,2584093844170270720
K2-232 b,11.168459,0.387,1.058,0.111111111111111,0.0212665406427221,5888,5851.6865234375,3406687485600728192
K2-237 b,2.1805577,1.236,1.642,0.0355987055016181,0.0304506699147381,6099,6242.98486328125,6032746832450438400
K2-24 b,20.88977,0.05978,0.482,0.11316493810639,0.0373443983402489,5625,5309.98876953125,6049750234317822208
K2-24 c,42.3391,0.04845,0.669,0.120123839009288,0.0403587443946188,5625,5309.98876953125,6049750234317822208
K2-25 b,3.48456408,0.07709,0.306,0.222402386820599,0.0359477124183006,3207,,3311804515502788352
K2-260 b,2.6266657,1.42,1.552,0.221830985915493,0.0338273195876288,6367,6580.859375,3394923127797114496
K2-261 b,11.633478,0.188,0.85,0.132978723404255,0.0405882352941176,5445,,3807826337147474176
K2-263 b,50.818947,0.04688,0.215,0.140998293515358,0.0511627906976744,5368,5320.63671875,657756997089784960
K2-265 b,2.369172,0.02058,0.153,0.128279883381924,0.065359477124183,5477,5322.86279296875,2597119620985658496
K2-27 b,6.771315,0.09722,0.4,0.148837687718576,0.0525,5248,,3798552815560689792
K2-280 b,19.89526,0.11673,0.669,0.150946628972843,0.0582959641255605,5500,5570.01416015625,6772454416893148928
K2-285 b,3.471745,0.03046,0.231,0.133289560078792,0.0216450216450216,4975,5033.4599609375,2657374606238804992
K2-285 c,7.138048,0.04933,0.315,0.140583823231299,0.0222222222222222,4975,5033.4599609375,2657374606238804992
K2-287 b,14.893291,0.315,0.847,0.0857142857142857,0.0153482880755608,5695,5219.87890625,6239702034929248512
K2-29 b,3.2589263,0.613,1,0.0432300163132137,0.069,5222,5338.78857421875,150054788545735424
K2-290 c,48.36685,0.774,1.006,0.0607235142118863,0.0497017892644135,6302,5730.0849609375,6253844468883543680
K2-291 b,2.225177,0.02042,0.142,0.178746327130264,0.0492957746478873,5520,5621.28369140625,3409148746676599168
K2-292 b,16.9841,0.07709,0.235,0.17953041899079,0.0404255319148936,5725,5719.763671875,3616931735377523712
K2-295 b,4.024867,0.335,0.897,0.185074626865672,0.0089186176142697,4444,4599.20263671875,2564784633279953536
K2-30 b,4.098503,0.579,1.039,0.0474956822107081,0.0486044273339749,5425,5523.47998046875,61607255708760960
K2-32 b,8.992,0.0472,0.473,0.116631355932203,0.0359408033826638,5271,5032.537109375,4130539180358512768
K2-329 b,12.4551225,0.26,0.774,0.0807692307692307,0.0322997416020671,5282,5162.03271484375,2632880927441296640
K2-34 b,2.995607,1.76,1.35,0.0738636363636363,0.0496296296296296,6132,5984.18408203125,665757593450097920
K2-38 b,4.01593,0.02423,0.148,0.149401568303756,0.0608108108108108,5705,5680.24267578125,6237129658760381056
K2-55 b,2.84927265,0.1357,0.3934,0.136330140014738,0.0679969496695475,4300,4497.2958984375,6825931948041984256
K2-60 b,3.00265,0.426,0.683,0.0868544600938967,0.0541727672035139,5500,5410.71826171875,2597973387468989568
K2-99 b,18.249,0.97,1.29,0.0927835051546391,0.0387596899224806,5990,5920.0029296875,3620612011248988416
KELT-1 b,1.217514,27.23,1.11,0.0179948586118251,0.0243243243243243,6518,6506.251953125,2881784280929695360
KELT-10 b,4.1662739,0.679,1.399,0.056701030927835,0.0421729807005003,5948,5711.92236328125,6710517793025165696
KELT-11 b,4.7361,0.171,1.35,0.087719298245614,0.074074074074074,5375,,3761497761876022400
KELT-14 b,1.7100588,1.196,1.52,0.060200668896321,0.0756578947368421,5802,5635.6484375,5560886336446650240
KELT-15 b,3.329441,0.91,1.443,0.236263736263736,0.0578655578655578,6003,6184.849609375,5489780919480009472
KELT-16 b,0.9689951,2.75,1.415,0.0563636363636363,0.0533568904593639,6236,6241.97705078125,1864885215233116032
KELT-17 b,3.0801716,1.31,1.525,0.217557251908397,0.040983606557377,7454,7346.18212890625,651935220461650560
KELT-18 b,2.8717518,1.18,1.57,0.0932203389830508,0.0248407643312101,6670,6752.53466796875,1612165353793791488
KELT-2 A b,4.1137912,1.522,1.286,0.0509198423127463,0.0435458786936236,6151,6116.58544921875,3438059369839738624
KELT-23 A b,2.255251,0.938,1.323,0.0490405117270788,0.018896447467876,5899,5772.494140625,1644692064543192704
KELT-24 b,5.5514926,5.18,1.272,0.0415057915057915,0.0165094339622641,6509,6437.14697265625,1076970406751899008
KELT-3 b,2.7033904,1.477,1.345,0.0440081245768449,0.0535315985130111,6306,6343.34130859375,806492023789218688
KELT-4 A b,2.9895932,0.902,1.699,0.0659645232815964,0.0267804590935844,6206,6274.9228515625,727624020367528576
KELT-7 b,2.7347749,1.28,1.533,0.140625,0.0303326810176125,6789,6580.7724609375,181908842994567936
KOI-13 b,1.76358799,6.515,1.406,0.241749808135073,0.027027027027027,7650,,2130632159134827392
KOI-142 b,10.91647,0.03,0.307,0.12,0.022801302931596,5466,5274.61328125,2101507367429089664
KOI-3680 b,141.241671,1.93,0.99,0.103626943005181,0.0656565656565656,5830,5688.24365234375,2126518783059463168
KOI-94 e,54.319832,0.0409,0.5629,0.177017114914425,0.0450346420323325,6116,6022.8603515625,2076970047474270208
Kepler-10 b,0.8374907,0.01026,0.131,0.0916179337231968,0.0190839694656488,5708,5595.78369140625,2132155017099178624
Kepler-10 c,45.294301,0.03587,0.21,0.114022860328966,0.0095238095238095,5708,5595.78369140625,2132155017099178624
Kepler-107 c,4.901452,0.03146,0.142,0.199936427209154,0.0140845070422535,5854,5767.8916015625,2086625752425381632
Kepler-107 e,14.749143,0.04436,0.259,0.233994589720469,0.0115830115830115,5854,5767.8916015625,2086625752425381632
Kepler-111 c,224.77833,0.7,0.632,0.192857142857143,0.0348101265822784,5914,5739.8134765625,2126569051355142656
Kepler-117 c,50.790391,1.84,1.101,0.0978260869565217,0.0317892824704813,6150,6055.13134765625,2130959744881558272
Kepler-12 b,4.4379637,0.43,1.706,0.112790697674419,0.0319460726846424,5947,6028.8779296875,2133599775377340672
Kepler-128 b,15,0.01192,0.127,0.1875,0.031496062992126,6072,6030.5361328125,2105318412166111232
Kepler-128 c,22.8,0.01063,0.136,0.186735653809972,0.0294117647058824,6072,6030.5361328125,2105318412166111232
Kepler-14 b,6.790123,7.68,1.126,0.05078125,0.0444049733570159,6395,,2130856352128452096
Kepler-15 b,4.9427809,0.633,0.96,0.0718799368088467,0.0677083333333333,5520,5595.02783203125,2134850847813263360
Kepler-25 c,12.7207,0.0479,0.465,0.0960334029227557,0.0129032258064516,6285,6153.9208984375,2100451630105041152
Kepler-1514 b,217.83184,5.28,1.108,0.0416666666666666,0.0207581227436823,6145,6089.89501953125,2051866238502437632
Kepler-16 b,228.776,0.333,0.754,0.048048048048048,0.0039787798408488,4450,4416.45361328125,2133476355197071616
Kepler-1658 b,3.84937278,5.88,1.07,0.0790816326530612,0.0467289719626168,6216,6295.23486328125,2052194374009877376
Kepler-167 e,1071.23205,1.01,0.906,0.153465346534653,0.0408388520971302,4884,4777.2373046875,2051933102555095936
Kepler-17 b,1.4857108,2.34,1.31,0.0713675213675213,0.0351145038167938,5781,5675.1806640625,2086449761846310784
Kepler-1704 b,988.88112,4.16,1.066,0.0685096153846153,0.0403377110694183,5746,5641.18310546875,2136191736602006016
Kepler-1705 b,9.03502,0.01406,0.181,0.101706970128023,0.0635359116022099,6312,5932.7080078125,2081875484241210240
Kepler-1705 c,11.28,0.01705,0.183,0.108797653958944,0.0683060109289617,6312,5932.7080078125,2081875484241210240
Kepler-18 d,14.85888,0.04688,0.535,0.201258532423208,0.0672897196261682,5345,5254.8525390625,2079295583282164992
Kepler-19 b,9.28716,0.02643,0.197,0.184449489216799,0.0203045685279187,5544,5607.38916015625,2051106987063242880
Kepler-20 b,3.6961049,0.03052,0.158,0.134010484927916,0.0253164556962025,5495,5485.29052734375,2102548708017562112
Kepler-20 c,10.8540774,0.03492,0.258,0.189289805269187,0.0116279069767441,5495,5485.29052734375,2102548708017562112
Kepler-21 b,2.7858212,0.0236,0.146,0.173305084745763,0.0102739726027397,6305,6164.73779296875,2099606483621385216
Kepler-23 b,7.1,0.00805,0.146,0.162111801242236,0.0273972602739726,5828,5654.04052734375,2135019107451751168
Kepler-23 c,10.74,0.02457,0.268,0.161375661375661,0.0261194029850746,5828,5654.04052734375,2135019107451751168
Kepler-289 c,125.8518,0.42,1.034,0.119047619047619,0.0164410058027079,5990,5858.99609375,2078515170549178880
Kepler-30 c,60.323105,1.66032,1.169,0.0425430037583116,0.064585115483319,5498,5187.7119140625,2100243616248608896
Kepler-34 b,288.822,0.22,0.764,0.0477272727272727,0.0170157068062827,5913,5755.91259765625,2079692678777827712
Kepler-35 b,131.458,0.127,0.728,0.15748031496063,0.0192307692307692,5606,5253.28369140625,2128155371757730816
Kepler-36 b,13.83989,0.01227,0.134,0.0513447432762836,0.0671641791044776,5911,5905.11767578125,2129931456691176576
Kepler-36 c,16.23855,0.0236,0.339,0.0398305084745762,0.0530973451327433,5911,5905.11767578125,2129931456691176576
Kepler-39 b,21.087168,17.9,1.092,0.100558659217877,0.0714285714285714,6260,6235.212890625,2080168561154800384
Kepler-4 b,3.21346,0.077,0.357,0.155844155844156,0.0532212885154061,5857,5871.5732421875,2132152916856093952
Kepler-40 b,6.8731697,2.07,1.44,0.159420289855072,0.0763888888888889,6510,5979.671875,2086577373912703104
Kepler-41 b,1.8555588,0.493,0.852,0.144016227180527,0.0598591549295774,5660,5572.76953125,2080061942886335744
Kepler-411 b,3.005156,0.08055,0.214,0.10155183116077,0.0233644859813084,4974,4773.3466796875,2132768956905956352
Kepler-411 c,7.834435,0.08306,0.394,0.223452925595955,0.015228426395939,4974,4773.3466796875,2132768956905956352
Kepler-412 b,1.7208612,0.927,1.325,0.0792880258899676,0.0324528301886792,5750,5654.5556640625,2105678089908733824
Kepler-423 b,2.6843285,0.595,1.192,0.136134453781513,0.0436241610738255,5560,5747.78173828125,2128273225659492608
Kepler-424 b,3.3118644,1.03,0.89,0.12621359223301,0.0786516853932584,5460,5197.14404296875,2086877265710250496
Kepler-425 b,3.79701816,0.226,0.978,0.20353982300885,0.0224948875255623,5170,5011.63330078125,2101184111011462144
Kepler-426 b,3.21751883,0.337,1.09,0.175074183976261,0.0275229357798165,5725,5560.43896484375,2132623993168462464
Kepler-428 b,3.52563254,1.27,1.08,0.149606299212598,0.0277777777777777,5150,4985.73388671875,2101186168296277376
Kepler-43 b,3.0240922,3.03,1.12,0.0594059405940594,0.0419642857142857,6019,5932.97509765625,2107314266289095296
Kepler-432 b,52.50113,0.575,1.145,0.0417391304347826,0.0327510917030567,4995,,2128901871432519936
Kepler-44 b,3.2467293,0.981,1.09,0.100407747196738,0.0642201834862385,5800,5572.8828125,2085222191474854656
Kepler-78 b,0.35500744,0.00588,0.107,0.142006802721088,0.0747663551401869,5121,5060.94384765625,2078373642776670080
Kepler-45 b,2.45524122,0.5,0.999,0.122,0.069069069069069,3820,4128.359375,2053562475706063744
Kepler-454 b,10.57375339,0.02152,0.211,0.204460966542751,0.0568720379146919,5701,5535.017578125,2099541715513813504
Kepler-49 b,7.2,0.03074,0.23,0.096779440468445,0.0347826086956522,4095.6,4239.80908203125,2053523271244105216
Kepler-49 c,10.91,0.02637,0.218,0.107887751232461,0.0321100917431193,4095.6,4239.80908203125,2053523271244105216
Kepler-5 b,3.548469,2.04,1.21,0.021813725490196,0.0268595041322314,6297,6209.86279296875,2079018300195390464
Kepler-538 b,81.73778,0.03335,0.198,0.231184407796102,0.0176767676767676,5547,5520.78759765625,2087171453788422528
Kepler-54 b,8.01,0.00972,0.166,0.0987654320987654,0.0301204819277108,3853.9,3924.41381835938,2077974687557384704
Kepler-54 c,12.07,0.00661,0.151,0.0975794251134644,0.033112582781457,3853.9,3924.41381835938,2077974687557384704
Kepler-553 c,328.24017,6.7,1.033,0.0649253731343283,0.0275895450145208,5191,5051.5087890625,2086498312157538688
Kepler-56 b,10.5016,0.07,0.581,0.164285714285714,0.0438898450946643,4840,,2077617930392844800
Kepler-56 c,21.40239,0.57,0.874,0.110526315789474,0.0469107551487414,4840,,2077617930392844800
Kepler-57 b,5.72,0.07885,0.28,0.200951173113507,0.0285714285714286,5187.9,5158.53125,2126418658780855296
Kepler-57 c,11.6,0.02158,0.196,0.21501390176089,0.0306122448979592,5187.9,5158.53125,2126418658780855296
Kepler-6 b,3.234702,0.633,1.169,0.0750394944707741,0.0350727117194183,5647,5519.978515625,2086636884980514304
Kepler-60 b,7.1,0.01655,0.169,0.0845921450151057,0.0325443786982248,6024,5604.7177734375,2102316985943863424
Kepler-60 c,8.9,0.01208,0.183,0.103062913907285,0.0327868852459016,6024,5604.7177734375,2102316985943863424
Kepler-60 d,11.9,0.01384,0.224,0.0997109826589595,0.0357142857142857,6024,5604.7177734375,2102316985943863424
Kepler-65 d,8.13167,0.013,0.142,0.192307692307692,0.0246478873239436,6220,6059.03173828125,2102119176929154304
Kepler-68 b,5.39875259,0.02527,0.21,0.0834982192322912,0.0095238095238095,5847,5729.46240234375,2129550445852902656
Kepler-7 b,4.8854948,0.425,1.602,0.110588235294118,0.0474406991260923,5933,5947.8427734375,2102117871259036672
Kepler-74 b,7.340711,0.604,0.96,0.150662251655629,0.0208333333333333,6000,5716.775390625,2077586873492185344
Kepler-75 b,8.884924,9.9,1.03,0.0505050505050505,0.058252427184466,5330,5004.75439453125,2050231848829944320
Kepler-76 b,1.54492875,2,1.25,0.13,0.064,6409,,2052441008208934144
Kepler-77 b,3.57878087,0.43,0.96,0.0744186046511627,0.0166666666666666,5520,5368.125,2126912305142208384
Kepler-8 b,3.52249905,0.56,1.419,0.241071428571428,0.040169133192389,6210,6128.68896484375,2116730994965905280
Kepler-80 d,3.07222,0.01164,0.116,0.189432989690722,0.0775862068965517,4540,4555.34912109375,2076328963475704576
Kepler-849 b,394.62508,0.94,0.721,0.212765957446809,0.0388349514563106,5950,5755.07861328125,2129512821938786176
Kepler-87 b,114.73635,1.02,1.204,0.0274509803921568,0.0406976744186046,5600,5510.3779296875,2086306584816171392
Kepler-9 b,19.23891,0.13655,0.74,0.0414500183083119,0.0581081081081081,5774,5728.974609375,2099925719951103872
Kepler-9 c,38.9853,0.09408,0.721,0.040125425170068,0.0589459084604715,5774,5728.974609375,2099925719951103872
Kepler-91 b,6.24668005,0.66,1.4,0.0909090909090909,0.0285714285714285,4550,,2105909326647414400
Kepler-93 b,4.72673978,0.01466,0.132,0.113915416098226,0.0151515151515151,5669,5657.41259765625,2052747119115620352
L 168-9 b,1.4015,0.01447,0.124,0.121630960608155,0.064516129032258,3800,,6491962300492857472
L 98-59 c,3.6906777,0.00698,0.124,0.115329512893983,0.0604838709677419,3415,3178.84448242188,5271055243163629056
L 98-59 d,7.4507245,0.0061,0.136,0.144262295081967,0.0735294117647058,3415,3178.84448242188,5271055243163629056
LHS 1140 b,24.73723,0.01762,0.154,0.0340522133938706,0.0129870129870129,3096,,2371032916186181760
LHS 1140 c,3.77794,0.00601,0.113,0.0316139767054908,0.0176991150442477,3096,,2371032916186181760
LHS 1478 b,1.9495378,0.00733,0.111,0.0859481582537517,0.0405405405405405,3381,3122.17504882812,549007291282705024
LP 714-47 b,4.052037,0.09691,0.419,0.0487049840057785,0.0644391408114558,3950,3577.9765625,3189306030970782208
LTT 1445 A b,5.3587657,0.00903,0.116,0.0891472868217054,0.0474137931034482,3340,3282.55834960938,5153091836072107136
LTT 1445 A c,3.1239035,0.00485,0.102,0.12680412371134,0.0490196078431372,3340,3282.55834960938,5153091836072107136
LTT 3780 b,0.76837931,0.00774,0.118,0.0775193798449612,0.0423728813559322,3358,,3767281845873242112
LTT 3780 c,12.252284,0.0253,0.213,0.0608695652173913,0.0446009389671361,3358,,3767281845873242112
LTT 9779 b,0.792052,0.09225,0.421,0.02710027100271,0.0498812351543943,5443,5329.0322265625,2307504062045842688
Lupus-TR-3 b,3.91405,0.81,0.89,0.222222222222222,0.0786516853932584,5000,3601.69262695312,6002207725193479552
NGTS-11 b,35.45533,0.344,0.817,0.239825581395349,0.03671970624235,5050,4983.60498046875,2453680078509741056
NGTS-12 b,7.532806,0.208,1.048,0.105769230769231,0.0305343511450381,5690,5584.74169921875,3464620139089832960
NGTS-13 b,4.119027,4.84,1.142,0.0909090909090909,0.0402802101576182,5819,5836.35107421875,5385076140853434752
NGTS-14 A b,3.5357173,0.092,0.444,0.130434782608696,0.0675675675675675,5187,5279.4541015625,6585082036193768832
NGTS-2 b,4.511164,0.74,1.595,0.168918918918919,0.0288401253918495,6478,6586.5009765625,6220602384081327104
NGTS-20 b,54.18915,2.98,1.07,0.0520134228187919,0.0373831775700934,5980,6023.10498046875,5078704372599743104
OGLE-TR-113 b,1.43247425,1.36,1.093,0.113970588235294,0.0228728270814272,4790,4626.5419921875,5242077854771196544
NGTS-21 b,1.5433897,2.36,1.33,0.0889830508474576,0.0225563909774436,4660,4665.2939453125,6779308394419726848
NGTS-23 b,4.0764326,0.613,1.267,0.158238172920065,0.0236779794790844,6057,6055.74951171875,4816462091938129408
NGTS-24 b,3.4678796,0.52,1.214,0.221153846153846,0.0494233937397034,5820,5941.755859375,5397086969654628864
NGTS-25 b,2.823093,0.639,1.023,0.0860719874804381,0.0425219941348973,5321,5196.1142578125,6682513094425008640
NGTS-26 b,4.5199279,0.292,1.328,0.214041095890411,0.0402861445783132,5550,5423.2734375,6216644481523819776
NGTS-27 b,3.3704181,0.593,1.396,0.140809443507589,0.0261461318051576,5700,5568.9375,6171451912217279872
NGTS-30 b,98.29838,0.96,0.928,0.0583333333333333,0.0344827586206896,5455,5557.8447265625,3533836281547278848
NGTS-5 b,3.3569866,0.229,1.136,0.161572052401747,0.0202464788732394,4987,4987.28369140625,1159042833731813760
NGTS-6 b,0.882059,1.339,1.326,0.0209111277072442,0.0788084464555052,4730,4735.47509765625,4875693023844840448
NGTS-8 b,2.4997,0.93,1.09,0.0376344086021505,0.0275229357798165,5241,5132.26171875,6840435777723109888
NGTS-9 b,4.43527,2.9,1.07,0.0586206896551724,0.0560747663551401,6330,5996.07177734375,5678340222972504832
OGLE-TR-10 b,3.101386,0.57,1.24,0.210526315789474,0.0725806451612903,5750,5676.5703125,4056443366649948160
OGLE-TR-111 b,4.0144479,0.52,1.067,0.25,0.0506091846298031,5044,4314.67431640625,5242089296564780416
OGLE-TR-132 b,1.689857,1.19,1.43,0.109243697478992,0.0699300699300699,6411,5418.6337890625,5241964708164136192
PH2 b,282.52542,0.274,0.833,0.242700729927007,0.0300120048019207,5734,5599.9013671875,2139300262131379584
Qatar-1 b,1.420033,1.09,1.164,0.0756880733944954,0.0386597938144329,4861,4804.48193359375,2244830490514284928
Qatar-10 b,1.645321,0.736,1.543,0.122282608695652,0.0259235255994815,6124,5968.38037109375,2262322556576778752
Qatar-2 b,1.33711677,2.466,1.115,0.0251419302514193,0.0116591928251121,4645,4636.25439453125,3620030644476623616
Qatar-5 b,2.8792319,4.32,1.107,0.0416666666666666,0.057813911472448,5747,5548.552734375,382111248777193216
Qatar-6 b,3.506195,0.668,1.062,0.0988023952095808,0.0668549905838041,5052,4918.263671875,1265513389372846848
Qatar-7 b,2.032046,1.88,1.7,0.132978723404255,0.0176470588235294,6387,6390.0615234375,2878923523472328704
Qatar-8 b,3.71495,0.371,1.285,0.16711590296496,0.0171206225680933,5738,5666.60986328125,1076515002779544960
Qatar-9 b,1.540731,1.19,1.009,0.134453781512605,0.0138751238850346,4309,4485.83984375,1048109222955337600
TIC 139270665 b,23.624,0.463,0.645,0.0993520518358531,0.0356589147286821,5844,5925.013671875,902448598271728256
TIC 172900988 Aa b,193.965,2.6335,1.008,0.0056161002468198,0.0357142857142857,6050,5786.6259765625,709709093301608448
TIC 237913194 b,15.168865,1.942,1.117,0.0471163748712667,0.0452103849597135,5788,5609.55078125,4715813347286590080
TRAPPIST-1 h,18.772866,0.00103,0.067,0.058252427184466,0.0149253731343283,2566,,2635476908753563008
TIC 257060897 b,3.660028,0.67,1.49,0.044776119402985,0.0268456375838926,6128,,1697129530714536320
TIC 279401253 b,76.8,6.14,1,0.0659609120521172,0.04,5951,5737.70263671875,5110565749968529024
TIC 393818343 b,16.24921,4.34,1.087,0.0345622119815668,0.0202391904323827,5756,5725.11376953125,4233021433662981760
TOI-1062 b,4.11296,0.03194,0.202,0.0812460864120225,0.042079207920792,5328,5208.50341796875,4632865331094140928
TOI-1064 b,6.443868,0.04248,0.231,0.129590395480226,0.0173160173160173,4734,4608.61962890625,6683371847364921088
TOI-1075 b,0.6047328,0.03131,0.16,0.133663366336634,0.053125,3875,4062.01953125,6426188308031756288
TOI-1107 b,4.0782387,3.35,1.3,0.053731343283582,0.0384615384615384,6311,6450.5400390625,5192364501633274880
TOI-1130 b,4.07445,0.06066,0.318,0.0502802505769864,0.0377358490566037,4350,,6715688452614516736
TOI-1181 b,2.103195,1.18,1.3,0.11864406779661,0.0615384615384615,5990,5905.14990234375,2241587416547315584
TOI-1194 b,2.310644,0.456,0.767,0.116228070175438,0.0560625814863102,5446,5364.13916015625,1074139748425931008
TOI-1199 b,3.671463,0.239,0.938,0.0836820083682008,0.0266524520255863,5710,5675.41748046875,861975270310252416
TOI-1201 b,2.4919863,0.01976,0.215,0.136892712550607,0.0372093023255813,3476,,5157183324996790272
TOI-1444 b,0.4702694,0.01218,0.125,0.183087027914614,0.048,5430,5479.048828125,2274696151198328960
TOI-1231 b,24.245586,0.04845,0.326,0.214241486068111,0.0414110429447852,3553,3322.59716796875,5357465071731312768
TOI-1235 b,3.444717,0.01856,0.151,0.104256465517241,0.0463576158940397,3997,,1070387905514406400
TOI-1246 b,4.30744,0.02549,0.269,0.135739505688505,0.0185873605947955,5151,5207.82275390625,1650110904522335744
TOI-1246 c,5.904144,0.02769,0.224,0.136511375947996,0.03125,5151,5207.82275390625,1650110904522335744
TOI-1246 e,37.9216,0.04657,0.337,0.155464891561091,0.0415430267062314,5151,5207.82275390625,1650110904522335744
TOI-125 b,4.65382,0.02989,0.243,0.0926731348277015,0.0288065843621399,5320,5216.2578125,4698692748651744128
TOI-1450 A b,2.0439274,0.00396,0.101,0.101010101010101,0.0396039603960396,3437,,2155540255030594560
TOI-125 c,9.15059,0.02086,0.246,0.149089165867689,0.0365853658536585,5320,5216.2578125,4698692748651744128
TOI-125 d,19.98,0.04279,0.261,0.0883383968216873,0.057471264367816,5320,5216.2578125,4698692748651744128
TOI-1259 A b,3.477978,0.441,1.022,0.108843537414966,0.0278864970645792,4775,4638.8359375,2294170838587572736
TOI-1260 b,3.127463,0.02693,0.215,0.180096546602302,0.0186046511627906,4227,,1053809778428567680
TOI-1266 b,10.894841,0.01331,0.234,0.163035311795642,0.0427350427350427,3618,,1678074272650459008
TOI-1268 b,8.1577094,0.30331,0.812,0.0855725165672084,0.0665024630541871,5300,5188.15625,1675923009431370880
WASP-93 b,2.7325321,1.47,1.597,0.197278911564626,0.0482154038822792,6700,,415703635408772480
TOI-1272 b,3.31599,0.0774,0.369,0.0935400516795865,0.051490514905149,4985,4973.29052734375,1556242405699527424
TOI-1288 b,2.699835,0.13215,0.467,0.0714339765418085,0.0171306209850107,5225,5304.4208984375,2245652826430109184
TOI-1296 b,3.9443715,0.298,1.231,0.130872483221476,0.025182778229082,5603,5458.68701171875,1650851223740149504
TOI-1298 b,4.537164,0.356,0.841,0.0898876404494382,0.0249702734839476,5889,5677.7763671875,1647136729864424576
TOI-132 b,2.1097019,0.07048,0.305,0.0852724177071509,0.0393442622950819,5397,5331.2294921875,6520880040423258240
TOI-1333 b,4.720219,2.37,1.396,0.10126582278481,0.0393982808022922,6274,6451.14208984375,1978027916667478656
TOI-1347 b,0.84742346,0.03492,0.161,0.108247422680412,0.0559006211180124,5464,5413.66552734375,2265406171296997888
TOI-1386 b,25.83839,0.148,0.54,0.125,0.0314814814814814,5793,5724.5986328125,2005028761147595648
TOI-1416 b,1.0697568,0.01095,0.145,0.135159817351598,0.0482758620689655,4884,4891.525390625,1491634483976350720
TOI-1420 b,6.9561063,0.07897,1.061,0.151449917690262,0.0273327049952874,5510,5315.4921875,2221164434736927360
TOI-1422 b,12.9972,0.02832,0.353,0.238877118644068,0.0311614730878186,5840,5774.494140625,1920333449169516288
TOI-1431 b,2.650237,3.12,1.49,0.0576923076923076,0.0335570469798657,7690,7426.44482421875,2188906825165621120
TOI-1468 b,1.8805136,0.0101,0.114,0.0752475247524752,0.0263157894736842,3496,3104.6865234375,2785466581298775680
TOI-1468 c,15.532482,0.02089,0.184,0.101723312589756,0.0217391304347826,3496,3104.6865234375,2785466581298775680
TOI-1470 b,2.527093,0.02303,0.194,0.167390360399479,0.0206185567010309,3709,3399.8037109375,427224073427887360
TOI-1478 b,10.180249,0.851,1.06,0.0581668625146886,0.0372641509433962,5597,5557.1005859375,5723638723350902400
TOI-150.01,5.857487,2.51,1.255,0.047808764940239,0.0159362549800796,6255,5834.1025390625,5262709709389254528
TOI-1516 b,2.056014,3.16,1.36,0.0379746835443037,0.0220588235294117,6520,6355.82763671875,2226107083103120640
TOI-157 b,2.0845435,1.18,1.286,0.105932203389831,0.0167185069984447,5404,5628.9482421875,4624979393181971328
TOI-1601 b,5.331751,0.99,1.239,0.111111111111111,0.0343018563357546,5948,5749.94677734375,338382713564401920
TOI-163 b,4.231306,1.22,1.489,0.0983606557377049,0.0228341168569509,6495,6237.4931640625,4651366263526130816
TOI-1634 b,0.9893455,0.02382,0.158,0.0944584382871536,0.0443037974683544,3472,3185.78173828125,223158499179138432
TOI-1670 c,40.74976,0.63,0.987,0.134920634920635,0.0253292806484295,6170,6203.521484375,1651911084230149248
TOI-1685 b,0.6691406,0.00972,0.152,0.189300411522634,0.0394736842105263,3434,,252366608956186240
TOI-1751 b,37.46849,0.04562,0.247,0.216900482244629,0.0384615384615384,5996,5956.68798828125,1629404184289170688
TOI-169 b,2.2554477,0.791,1.086,0.0783817951959544,0.0593922651933701,5880,5857.72265625,4684513614202233728
TOI-1695 b,3.1342791,0.02001,0.17,0.157421289355322,0.0764705882352941,3690,,534988616816537728
TOI-1710 b,24.283382,0.058,0.46,0.25,0.0217391304347826,5730,5786.45458984375,1116613161053977472
TOI-172 b,9.47725,5.42,0.965,0.0387453874538745,0.0316062176165803,5645,5680.87841796875,6801474136516893184
TOI-1728 b,3.49151,0.08426,0.451,0.197127937336815,0.032150776053215,3980,,1094545653447816064
TOI-1736 b,7.073088,0.04,0.223,0.15,0.0717488789237668,5807,5660.1708984375,541725187117160960
TOI-1759 b,18.85019,0.03398,0.28,0.138905238375515,0.0321428571428571,4065,3926.7197265625,2216420110788943744
TOI-178 c,3.23845,0.01501,0.149,0.128914057295136,0.0637583892617449,4316,,2318295979126499200
TOI-178 f,15.231915,0.02429,0.204,0.206463565253191,0.0490196078431372,4316,,2318295979126499200
TOI-1807 b,0.549374,0.00809,0.122,0.19406674907293,0.0655737704918032,4730,4591.5634765625,1476485996883837184
TOI-181 b,4.532,0.1452,0.634,0.111914600550964,0.0134069400630914,4994,4818.8017578125,6552346035980010624
TOI-1811 b,3.7130765,0.972,0.994,0.0792181069958847,0.0241448692152917,4766,4757.89013671875,3962403923821595264
TOI-561 d,25.7124,0.03823,0.252,0.090504839131572,0.0238095238095238,5326,5565.33740234375,3850421005290172416
TOI-1820 b,4.860674,2.3,1.14,0.0869565217391304,0.0175438596491228,5734,5630.9755859375,4009018273332089088
TOI-1842 b,9.5739,0.214,1.04,0.182242990654206,0.0528846153846153,6230,6111.6982421875,3719927426253118848
TOI-1853 b,1.2436258,0.23031,0.309,0.0369067778211975,0.0226537216828478,4985,4966.3251953125,1233227944114002688
TOI-1899 b,29.090312,0.67,0.99,0.0597014925373134,0.0303030303030303,3926,4194.6357421875,2073530190996615424
TOI-1937 A b,0.94667944,2.01,1.247,0.0820895522388059,0.0485164394546912,5814,5344.54833984375,5489726768531119616
TOI-199 b,104.854,0.17,0.81,0.117647058823529,0.0061728395061728,5255,5174.8037109375,4762582895440787712
TOI-1994 b,4.0337142,22.1,1.22,0.115384615384615,0.0627049180327868,7700,,5405557504184474496
TOI-2000 b,3.09833,0.0347,0.241,0.219020172910663,0.0580912863070539,5611,5501.31005859375,5244434756689177088
TOI-2000 c,9.127055,0.257,0.727,0.056420233463035,0.0378266850068775,5611,5501.31005859375,5244434756689177088
TOI-201 b,52.97818,0.42,1.008,0.0952380952380952,0.0133928571428571,6394,6175.98388671875,4767547667180525696
TOI-2010 b,141.834025,1.286,1.054,0.0435458786936236,0.0256166982922201,5929,5827.4765625,2136815881249993600
TOI-2018 b,7.435583,0.02895,0.202,0.22832469775475,0.0297029702970297,4174,,1272123859439770368
TOI-561 e,77.03,0.04279,0.227,0.102827763496144,0.052863436123348,5326,5565.33740234375,3850421005290172416
TOI-2025 b,8.872078,4.4,1.117,0.0681818181818181,0.0080572963294538,5880,5768.8984375,2296342614570999552
TOI-2046 b,1.4971842,2.3,1.44,0.121739130434783,0.0763888888888889,6250,5910.67333984375,538759464958942208
TOI-2109 b,0.67247414,5.02,1.347,0.149402390438247,0.0348923533778767,6540,6560.81005859375,4558177980124887936
TOI-2134 b,9.2292005,0.02873,0.24,0.0842325095718761,0.0583333333333333,4580,4354.2001953125,4610267648427698816
TOI-2134 c,95.5,0.1318,0.649,0.185280728376328,0.0570107858243451,4580,4354.2001953125,4610267648427698816
TOI-2141 b,18.26157,0.075,0.278,0.16,0.0755395683453237,5659,5770.08642578125,4548496986402688384
TOI-2145 b,10.26075,5.26,1.069,0.0712927756653992,0.0266604303086997,6177,5992.01806640625,1344163891352965632
TOI-2152 A b,3.3773512,2.83,1.281,0.132508833922261,0.0374707259953161,6630,6358.5986328125,562109759036198272
TOI-2154 b,3.8240801,0.92,1.453,0.201086956521739,0.034755677907777,6280,6022.57958984375,570653411060484480
TOI-2158 b,8.60077,0.82,0.96,0.0975609756097561,0.0125,5673,5399.54345703125,4525545299652540672
TOI-2180 b,260.79,2.755,1.01,0.0304900181488203,0.0202970297029702,5695,5674.330078125,2151078741786155008
TOI-2184 b,6.90683,0.65,1.017,0.246153846153846,0.0501474926253687,5966,5807.73876953125,5280444557068991616
TOI-2196 b,1.1947268,0.08181,0.313,0.0499938882777166,0.0415335463258785,5634,5585.5048828125,6375983988633147392
TOI-220 b,10.695264,0.04342,0.27,0.0725472132657761,0.0481481481481481,5298,5538.017578125,5481210874877547904
TOI-2207 b,8.001968,0.64,0.995,0.171875,0.0276381909547738,6101,5948.10693359375,6675883485986480256
TOI-2338 b,22.65398,5.98,1,0.0342809364548494,0.02,5581,5452.0146484375,4822916912388338176
TOI-2364 b,4.0197517,0.225,0.768,0.204444444444444,0.0266927083333333,5306,5246.59716796875,3022644120017418496
TOI-2373 b,13.33668,9.3,0.93,0.021505376344086,0.021505376344086,5651,5526.021484375,5097529733950580736
TOI-238 b,1.2730991,0.0107,0.125,0.135514018691589,0.064,5059,4942.85986328125,2405081733281425280
TOI-2416 b,8.275479,3,0.88,0.0316666666666666,0.0227272727272727,5808,5614.966796875,4680527991927519744
TOI-2421 b,4.3474032,0.333,0.925,0.237237237237237,0.0372972972972973,5607,5706.20263671875,4968289907406396160
TOI-2447 b,69.33684,0.393,0.857,0.0737913486005089,0.0134189031505251,5730,5754.23193359375,4877544322252002048
TOI-2497 b,10.655669,4.82,0.994,0.0850622406639004,0.0523138832997987,7360,6333.0283203125,3342228616422593664
TOI-2498 b,3.738252,0.10893,0.541,0.118286973285596,0.0462107208872458,5905,5794.8916015625,3330907293088717824
TOI-2524 b,7.18585,0.64,1,0.0625,0.025,5831,5687.75927734375,3802583419029393152
TOI-2525 b,23.2856,0.084,0.774,0.0595238095238095,0.0129198966408268,5096,4817.18310546875,4758931211166869632
TOI-2525 c,49.2519,0.657,0.904,0.047945205479452,0.0110619469026548,5096,4817.18310546875,4758931211166869632
TOI-2567 b,5.983944,0.201,0.975,0.161691542288557,0.0307692307692307,5611,5802.5380859375,2254929887069708160
TOI-257 b,18.38818,0.138,0.639,0.166666666666667,0.0203442879499217,6095,5953.78515625,4747624104168195072
TOI-2570 b,2.9887615,0.82,1.217,0.0780487804878048,0.0283483976992604,5771,5737.806640625,3445148131761842944
TOI-2583 A b,4.5207265,0.25,1.29,0.228,0.0282945736434108,5936,5915.71826171875,2115776451371641984
TOI-2587 A b,5.45664,0.218,1.077,0.229357798165138,0.0380687093779015,5760,5618.80615234375,3085216850017388672
TOI-2589 b,61.6277,3.5,1.08,0.0285714285714285,0.0277777777777777,5579,5565.21533203125,5566108398204103424
TOI-269 b,3.6977104,0.02769,0.247,0.158902130733117,0.0445344129554655,3514,,4770828304936109056
TOI-270 b,3.3601538,0.00497,0.108,0.164989939637827,0.0277777777777777,3506,3290.18823242188,4781196115469953024
TOI-270 c,5.6605731,0.01935,0.21,0.0599483204134366,0.0285714285714285,3506,3290.18823242188,4781196115469953024
TOI-270 d,11.379573,0.01504,0.19,0.0897606382978723,0.0263157894736842,3506,3290.18823242188,4781196115469953024
TOI-2803 A b,1.96229325,0.975,1.616,0.0784615384615384,0.0204207920792079,6280,6160.90771484375,2913482170369046656
TOI-2842 b,3.5514058,0.37,1.146,0.133783783783784,0.0431937172774869,5910,5923.166015625,3046327742219111808
TOI-2977 b,2.3505614,1.68,1.174,0.151785714285714,0.024701873935264,5691,6008.9169921875,5305241494923209856
TOI-3023 b,3.9014971,0.62,1.466,0.153225806451613,0.0255798090040927,5760,5441.07421875,5227928170880093568
TOI-3235 b,2.59261842,0.665,1.017,0.037593984962406,0.0432645034414945,3388.8,,6107144260251920000
TOI-332 b,0.777038,0.17997,0.285,0.0279491026282158,0.0421052631578947,5251,,6529471108882243840
TRAPPIST-1 e,6.101013,0.00218,0.082,0.0321100917431192,0.0121951219512195,2566,,2635476908753563008
TOI-3331 A b,2.0180231,2.27,1.158,0.0704845814977973,0.0371329879101899,5609,5442.21240234375,4042548116644168832
TOI-3362 b,18.09547,5.029,1.142,0.130642274806124,0.0367775831873905,6532,6568.68115234375,5351820556994135296
TOI-3364 b,5.8768918,1.67,1.091,0.0748502994011976,0.0320806599450045,5706,5478.0380859375,5409268527708808320
TOI-3629 b,3.9365578,0.243,0.74,0.0823045267489712,0.0189189189189189,3865,3805.45556640625,2881820324294985856
TOI-3688 A b,3.246075,0.98,1.167,0.107142857142857,0.0394173093401885,5950,6052.240234375,454187981188647168
TOI-3693 b,9.088516,1.02,1.124,0.225490196078431,0.0231316725978647,5321,5310.20458984375,404433018447476096
TOI-3714 b,2.15484802,0.689,0.994,0.0435413642960812,0.0201207243460764,3652,3590.54809570312,178924390478792320
TOI-3757 b,3.438753,0.26838,1.071,0.102578433564349,0.0378151260504201,3913,4179.0244140625,996878131494639488
TOI-3819 b,3.2443141,1.11,1.172,0.171171171171171,0.0302901023890785,5859,5753.60009765625,876608292608416512
TOI-3912 b,3.4936264,0.406,1.274,0.171182266009852,0.031789638932496,5725,5694.0830078125,1255520718461480960
TOI-3976 A b,6.607662,0.175,1.095,0.208571428571428,0.0324200913242009,5975,5847.14599609375,1585783740516554624
TOI-3984 A b,4.353326,0.14,0.71,0.214285714285714,0.028169014084507,3476,3475.94458007812,1291955578869575552
TOI-4010 b,1.348335,0.03461,0.269,0.116440335163248,0.0260223048327137,4960,4933.49658203125,525352325110310400
TOI-4010 c,5.414654,0.0639,0.529,0.104381846635368,0.0198487712665406,4960,4933.49658203125,525352325110310400
TOI-4010 d,14.70886,0.12003,0.551,0.0850620678163792,0.0226860254083484,4960,4933.49658203125,525352325110310400
TOI-4087 b,3.1774835,0.73,1.164,0.191780821917808,0.0210481099656357,6060,5848.7705078125,1725490333641502976
TOI-4127 b,56.39879,2.3,1.096,0.0478260869565217,0.0323905109489051,6096,6056.10546875,1111639314047794944
TOI-4137 b,3.8016122,1.44,1.211,0.111111111111111,0.032617671345995,6202,6168.00439453125,497750842338402560
TOI-4201 b,3.5819232,2.595,1.132,0.0236994219653179,0.0256183745583038,3920,,2997312063605005056
TOI-421 b,5.19672,0.02256,0.239,0.0921985815602836,0.0690376569037656,5325,5410.337890625,2984582227215748864
TOI-421 c,16.06819,0.05166,0.454,0.0639759969028261,0.0297356828193832,5325,5410.337890625,2984582227215748864
TOI-431 b,0.490047,0.00966,0.114,0.113871635610766,0.0350877192982456,4850,4713.7216796875,2908664557091200768
TOI-431 d,12.46103,0.03115,0.294,0.152487961476725,0.0272108843537415,4850,4713.7216796875,2908664557091200768
TOI-4377 b,4.378081,0.957,1.348,0.0919540229885057,0.0600890207715133,4974,4878.48388671875,5197568146570178176
TOI-4406 b,30.08364,0.3,1,0.1,0.02,6219,5958.13037109375,4910452812646300544
TOI-4438 b,7.44628,0.01699,0.225,0.20364920541495,0.0533333333333333,3422,3183.3623046875,4606416269652179328
TOI-4463 A b,2.8807198,0.794,1.183,0.0497481108312342,0.0460693153000845,5640,5541.76416015625,4524517290642206336
TOI-4515 b,15.266446,2.005,1.086,0.025935162094763,0.0359116022099447,5433,5346.068359375,289464440515102976
TOI-4562 b,225.11781,2.3,1.118,0.206521739130435,0.0120751341681574,6096,6040.24072265625,5288681857665822080
TOI-4603 b,7.24599,12.89,1.042,0.0446082234290147,0.0350287907869481,6264,6188.67041015625,3402980516507429888
TOI-4791 b,4.28088,2.31,1.11,0.140692640692641,0.045045045045045,6058,6184.9619140625,2930141657016297216
TOI-481 b,10.33111,1.53,0.99,0.0196078431372549,0.0101010101010101,5735,5818.05908203125,5486322710592888064
TOI-4860 b,1.5227591,0.273,0.77,0.0219780219780219,0.0389610389610389,3260,,3571038605366263424
TOI-500 b,0.548177,0.00447,0.104,0.12751677852349,0.048076923076923,4440,4495.35107421875,5509620021956148736
TOI-5076 b,23.445,0.05034,0.285,0.124950337703615,0.0315789473684211,5070,4861.3203125,55752218851048320
TOI-5153 b,20.33003,3.26,1.06,0.053680981595092,0.0377358490566037,6300,6120.06494140625,2942084865853011712
TRAPPIST-1 f,9.20754,0.00327,0.093,0.0305810397553516,0.010752688172043,2566,,2635476908753563008
TOI-519 b,1.26523248,0.525,1.059,0.121904761904762,0.0188857412653446,3354,3418.49682617188,5707485527450614656
TOI-5205 b,1.630757,1.08,1.03,0.0555555555555555,0.029126213592233,3430,3454.66650390625,1842656663520849024
TOI-5293 A b,2.930289,0.54,1.06,0.12962962962963,0.0377358490566037,3586,3713.73461914062,2640121486388076032
TOI-530 b,6.387597,0.4,0.83,0.2375,0.072289156626506,3659,3788.84594726562,3353218995355814656
TOI-532 b,2.3266508,0.1935,0.519,0.154470284237726,0.0327552986512524,3927,4139.693359375,3340265717587057536
TOI-5344 b,3.792622,0.412,0.946,0.0970873786407767,0.022198731501057,3747,,52359538285081728
TRAPPIST-1 g,12.352446,0.00416,0.101,0.0288461538461538,0.0099009900990099,2566,,2635476908753563008
TOI-5398 b,10.590547,0.18469,0.919,0.09624235204938,0.0391730141458106,6000,5872.84033203125,750888548244441344
TOI-544 b,1.548352,0.00909,0.18,0.166116611661166,0.0388888888888888,4169,,3220926542276901888
TOI-5542 b,75.12375,1.32,1.009,0.0757575757575757,0.0351833498513379,5700,5731.009765625,6443054270942726144
TOI-558 b,14.574071,3.61,1.086,0.0415512465373961,0.0363720073664825,6466,6386.466796875,4727755005637190016
TOI-559 b,6.9839095,6.01,1.091,0.0391014975041597,0.0242896425297891,5925,5866.26025390625,5057924844082070016
TOI-561 b,0.4465688,0.00705,0.122,0.0893617021276595,0.0327868852459016,5326,5565.33740234375,3850421005290172416
TOI-561 c,10.778831,0.02077,0.26,0.110736639383727,0.0153846153846153,5326,5565.33740234375,3850421005290172416
TOI-5678 b,47.73022,0.06293,0.438,0.200063562688702,0.0159817351598173,5485,5494.94140625,5048310370810634624
TOI-615 b,4.6615983,0.435,1.693,0.193103448275862,0.0321913762551683,6850,6749.451171875,5524780333100885888
TOI-622 b,6.402513,0.303,0.824,0.232673267326733,0.0345873786407767,6400,6346.49755859375,5516690878153930240
TOI-628 b,3.4095675,6.33,1.06,0.0473933649289099,0.035377358490566,6250,5878.66552734375,3126717023056016256
TOI-640 b,5.0037775,0.88,1.771,0.181818181818182,0.0327498588368153,6460,6137.07568359375,5580554052549277056
TOI-674 b,1.977143,0.07425,0.468,0.13979797979798,0.032051282051282,3514,,5400949450924312576
TOI-677 b,11.2366,1.236,1.17,0.0550161812297734,0.0256410256410256,6295,6018.29248046875,5313031504751276032
TOI-733 b,4.884765,0.018,0.178,0.120555555555555,0.0449438202247191,5585,5624.88916015625,5392409372314518656
TOI-763 b,5.6057,0.0308,0.203,0.0795454545454545,0.0492610837438423,5450,5541.94091796875,6140553127216043648
TOI-763 c,12.2737,0.02932,0.235,0.109481582537517,0.0468085106382978,5450,5541.94091796875,6140553127216043648
TOI-776 b,8.24661,0.01259,0.165,0.224781572676727,0.0727272727272727,3709,,3460438662009633408
TOI-778 b,4.633611,2.8,1.37,0.0714285714285714,0.0291970802919708,6643,6649.05029296875,3607877948613218304
TOI-815 b,11.197259,0.02391,0.262,0.190715181932246,0.0152671755725191,4869,4857.24951171875,5415648821879172096
TOI-815 c,34.976145,0.07394,0.234,0.102109818771977,0.0363247863247863,4869,4857.24951171875,5415648821879172096
TOI-824 b,1.392978,0.0581,0.261,0.100688468158348,0.0670498084291187,4600,4506.47265625,5880886001621564928
TOI-836 b,3.81673,0.01425,0.152,0.196491228070175,0.0394736842105263,4552,4248.3759765625,6230733559097425152
TOI-849 b,0.76552414,0.12299,0.307,0.0666314334498739,0.0390879478827361,5373.8,5254.39404296875,5023809953208388352
TOI-858 B b,3.2797178,1.1,1.255,0.0681818181818181,0.0310756972111553,5842,5742.10498046875,4683737294569921664
TOI-892 b,10.62656,0.95,1.07,0.0736842105263158,0.0186915887850467,6261,5967.1650390625,3010759262610139776
TOI-905 b,3.739494,0.667,1.171,0.0622188905547226,0.0444064901793339,5570,5326.73876953125,5795534040654879744
TOI-954 b,3.6849729,0.174,0.852,0.100574712643678,0.0674882629107981,5710,5710.61474609375,4890874702443960832
TOI-969 b,1.8237305,0.02863,0.247,0.110024449877751,0.034412955465587,4435,4598.748046875,3087206553745290624
TRAPPIST-1 b,1.510826,0.00432,0.1,0.0509259259259259,0.01,2566,,2635476908753563008
TRAPPIST-1 c,2.421937,0.00412,0.098,0.0436893203883495,0.010204081632653,2566,,2635476908753563008
TRAPPIST-1 d,4.049219,0.00122,0.07,0.0327868852459016,0.0142857142857142,2566,,2635476908753563008
TrES-1 b,3.03006973,0.697,1.067,0.039454806312769,0.0201499531396438,5230,5241.83544921875,2098964849867337856
TrES-2 b,2.47061317,1.197,1.247,0.0568086883876357,0.0380914194065757,5850,5728.40869140625,2131314401800665344
TrES-3 b,1.30618648,1.801,1.336,0.0446973903387007,0.0254491017964071,5650,5498.435546875,4609131509318715136
TrES-4 b,3.55392771,0.494,1.838,0.0708502024291498,0.0465179542981501,6295,6161.02294921875,4609062308806929152
TrES-5 b,1.4822446,1.778,1.209,0.0354330708661417,0.0173697270471464,5171,5046.466796875,2188601779406152448
WASP-1 b,2.51994529,0.846,1.449,0.0638297872340425,0.028295376121463,6110,6128.47705078125,2862548428079638912
WASP-10 b,3.0927636,2.96,1.28,0.0658783783783783,0.0656249999999999,4675,4690.0078125,1909762228985058944
WASP-101 b,3.585722,0.497,1.41,0.0975855130784708,0.0354609929078014,6380,6247.61328125,2924661867160818304
WASP-103 b,0.9255456,1.455,1.528,0.0621993127147766,0.0392670157068062,6110,5902.45654296875,4439085988769170432
WASP-104 b,1.7554137,1.268,1.137,0.0390378548895899,0.0325417766051011,5450,5250.31982421875,3868603216762016256
WASP-105 b,7.87288,1.8,0.96,0.0555555555555555,0.03125,5070,5070.29296875,4917441922731087488
WASP-106 b,9.289715,1.909,1.085,0.0413829229963331,0.0341013824884792,6000,6015.54443359375,3788394461991295488
WASP-107 b,5.72149,0.12,0.94,0.0833333333333333,0.0212765957446808,4430,,3578638842054261248
WASP-11 b,3.7224747,0.487,1.005,0.0369609856262833,0.0293532338308457,4980,4864.95654296875,123376685084303360
WASP-110 b,3.77840121,0.51,1.238,0.125490196078431,0.0452342487883683,5400,5423.52978515625,6678937478314860160
WASP-114 b,1.5487743,1.769,1.339,0.0361786319954776,0.0477968633308439,5940,5735.60205078125,2726339892542980864
WASP-117 b,10.02165,0.2755,1.021,0.0326678765880217,0.0690499510284035,6038,5949.54736328125,4746157737910069888
WASP-118 b,4.0460435,0.514,1.44,0.0389105058365758,0.0249999999999999,6410,6289.98046875,2562569564026683520
WASP-12 b,1.0914203,1.47,1.9,0.0493197278911564,0.0294736842105263,6360,5930.26904296875,3435282862461427072
WASP-120 b,3.6112706,4.85,1.473,0.0432989690721649,0.065173116089613,6450,6451.81103515625,4837286842168217088
WASP-121 b,1.2749255,1.183,1.865,0.0532544378698224,0.0235924932975871,6459,6482.560546875,5565050255701441664
WASP-123 b,2.9776412,0.899,1.318,0.0400444938820912,0.0493171471927162,5740,5619.29345703125,6756148659453907200
WASP-124 b,3.37265,0.6,1.24,0.116666666666667,0.0241935483870967,6050,5978.69384765625,6614751532833886464
WASP-126 b,3.2888,0.28,0.96,0.142857142857143,0.078125,5800,5675.52001953125,4666498154837086208
WASP-127 b,4.178062,0.18,1.37,0.111111111111111,0.0291970802919708,5620,5703.5498046875,3778075717162985600
WASP-129 b,5.748145,1,0.93,0.1,0.032258064516129,5900,5663.74560546875,5380888758195682944
WASP-13 b,4.353011,0.477,1.389,0.0974842767295597,0.0363570914326853,5826,6052.2763671875,702295464353437952
WASP-130 b,11.55098,1.23,0.89,0.032520325203252,0.0337078651685393,5625,5475.07080078125,6112606840179716096
WASP-131 b,5.322023,0.27,1.22,0.074074074074074,0.040983606557377,6030,5891.359375,6173451477191225984
WASP-132 b,7.133521,0.41,0.87,0.073170731707317,0.0344827586206896,4775,4783.0498046875,6099012478412247296
WASP-133 b,2.176423,1.16,1.21,0.0775862068965517,0.0413223140495867,5700,5572.63232421875,6778662809294560896
WASP-135 b,1.4013794,1.9,1.3,0.0421052631578947,0.0692307692307692,5675,5133.94970703125,4596481632339898240
WASP-138 b,3.634433,1.22,1.09,0.0655737704918032,0.0458715596330275,6272,6049.03466796875,2498515516990171392
WASP-139 b,5.924262,0.117,0.8,0.145299145299145,0.0625,5310,5138.6474609375,4851398799032507776
WASP-14 b,2.2437661,7.22,1.281,0.0685595567867036,0.0612802498048399,6480,6477.42041015625,1242084170974175232
WASP-141 b,3.310651,2.69,1.21,0.0557620817843866,0.0661157024793388,5900,5842.1279296875,2980392087185289216
WASP-142 b,2.052868,0.84,1.53,0.107142857142857,0.0522875816993464,6010,5952.7880859375,5674618444832114304
WASP-144 b,2.2783152,0.44,0.85,0.136363636363636,0.0588235294117647,5200,,6582435924022652672
WASP-148 b,8.803809,0.287,0.756,0.0662020905923344,0.0198412698412698,5555,5374.48876953125,1358355738906114816
WASP-15 b,3.75209748,0.592,1.408,0.0320945945945945,0.0326704545454545,6405,6371.49267578125,6171009049549197824
WASP-150 b,5.644207,8.46,1.07,0.0283687943262411,0.0228971962616822,6218,6151.71533203125,1416731285125373184
WASP-151 b,4.5334775,0.316,1.187,0.0981012658227848,0.0176916596461668,5871,5590.189453125,2657135741633337088
WASP-153 b,3.332609,0.39,1.55,0.0512820512820512,0.0580645161290322,5914,5726.19189453125,2110106372987465216
WASP-156 b,3.836169,0.128,0.51,0.07421875,0.0392156862745098,4910,4959.10009765625,2514360548993901312
WASP-157 b,3.9516205,0.574,1.065,0.162020905923345,0.044131455399061,5838,5602.39208984375,3630269399833507200
WASP-159 b,3.840401,0.55,1.38,0.145454545454545,0.0652173913043478,6120,5987.56884765625,4864759888238232320
WASP-16 b,3.1186068,0.832,1.218,0.0456730769230769,0.0328407224958949,5630,5475.33203125,6283723285046532864
WASP-160 B b,3.7684952,0.278,1.09,0.160071942446043,0.0403669724770642,5298,5079.0185546875,2910755484609597312
WASP-161 b,5.4060425,2.49,1.143,0.0843373493975903,0.0538057742782152,6400,6307.5400390625,5751177095877066496
WASP-162 b,9.62468,5.2,1,0.0384615384615384,0.05,5300,5383.158203125,3558354604869150208
WASP-164 b,1.7771255,2.13,1.128,0.0586854460093896,0.0372340425531914,5806,5542.689453125,6491038642006989056
WASP-166 b,5.44354,0.101,0.63,0.0495049504950495,0.0476190476190476,6050,5990.24169921875,5664957444179338240
WASP-17 b,3.735433,0.453,1.986,0.086092715231788,0.0410372608257804,6650,6617.99072265625,6042793005779654656
WASP-170 b,2.34478022,1.6,1.096,0.125,0.0775547445255474,5600,5471.74462890625,5656184406542140032
WASP-171 b,3.8186244,1.084,0.98,0.0867158671586715,0.0561224489795918,5965,5861.00341796875,5376137837173646208
WASP-172 b,5.477433,0.47,1.57,0.212765957446809,0.0636942675159235,6900,6972.90625,6086712585429729536
WASP-173 A b,1.3866529,3.47,1.285,0.0417867435158501,0.0743190661478599,5767,5674.4580078125,2323985539482908416
WASP-175 b,3.0652907,0.99,1.208,0.131313131313131,0.0670529801324503,6229,6143.17333984375,5401743332678544640
WASP-176 b,3.899052,0.855,1.505,0.0824561403508772,0.0315614617940199,5941,6138.78076171875,1750321012752775040
WASP-178 b,3.3448285,1.66,1.81,0.072289156626506,0.0497237569060773,9360,,6003809889735481856
WASP-18 b,0.9414529,10.11,1.267,0.0222551928783382,0.0422257300710339,6400,6311.67236328125,4955371367334610048
WASP-180 A b,3.409264,0.9,1.24,0.111111111111111,0.032258064516129,6600,6159.33203125,3070964117005132416
WASP-181 b,4.5195064,0.299,1.184,0.11371237458194,0.0548986486486486,5839,5716.1416015625,2512413932376364288
WASP-182 b,3.3769848,0.148,0.85,0.0743243243243243,0.0352941176470588,5638,5545.88232421875,6677909439240233472
WASP-184 b,5.1817,0.57,1.33,0.175438596491228,0.0676691729323308,6000,5898.26513671875,6173435259395017344
WASP-185 b,9.38755,0.98,1.25,0.0612244897959183,0.064,5900,5759.990234375,6284007337003799552
WASP-186 b,5.026799,4.22,1.11,0.0426540284360189,0.027027027027027,6361,6304.669921875,2790691147020786816
WASP-187 b,5.147878,0.8,1.64,0.1125,0.0304878048780487,6150,,306410392895767680
WASP-19 b,0.78883899,1.069,1.392,0.0350795135640785,0.028735632183908,5568,5454.1279296875,5411736896952029568
WASP-190 b,5.367753,1,1.15,0.1,0.0782608695652174,6400,6454.3583984375,4994237247949280000
WASP-192 b,2.8786765,2.3,1.23,0.0695652173913043,0.065040650406504,5910,5668.49853515625,6198312362812872320
WASP-2 b,2.15222144,0.847,1.043,0.0531286894923258,0.0316395014381591,5150,5192.70947265625,1748596020745038208
WASP-20 b,4.8996284,0.311,1.462,0.0594855305466237,0.0403556771545827,5940,,2359978293137038720
WASP-21 b,4.322482,0.3,1.07,0.0366666666666666,0.0560747663551401,5800,5635.95166015625,2831084391023184128
WASP-22 b,3.53269,0.56,1.12,0.0357142857142857,0.0357142857142857,6000,5925.64453125,5086537022856406272
WASP-23 b,2.94443,0.879,0.962,0.110921501706485,0.0535343035343035,5150,5002.17236328125,5557345496687437696
WASP-24 b,2.3412217,1.06,1.3,0.0278301886792452,0.0296153846153846,6080,6163.025390625,1153682508388170112
WASP-25 b,3.7648327,0.574,1.22,0.073170731707317,0.0450819672131147,5750,5582.83203125,6186950525042445824
WASP-26 b,2.7565972,1.038,1.32,0.0197495183044316,0.0606060606060606,5950,5833.26025390625,2416782701664155008
WASP-28 b,3.40883,0.906,1.213,0.0496688741721854,0.0346248969497114,6150,6004.22119140625,2641087471777046016
WASP-29 b,3.9227186,0.244,0.776,0.0819672131147541,0.0554123711340206,4800,4701.32958984375,6534414719318886144
WASP-3 b,1.846835,1.76,1.29,0.0625,0.0465116279069767,6400,6270.78662109375,2095108312831835648
WASP-31 b,3.4059096,0.478,1.549,0.0606694560669456,0.0322788896061975,6302,6173.685546875,3545873945303316224
WASP-32 b,2.7186591,3.49,1.1,0.0329512893982808,0.0363636363636363,6140,,2546413408888429696
WASP-33 b,1.21987,2.093,1.593,0.0664118490205446,0.0464532328939108,7430,7322.53076171875,328636019723252096
WASP-34 b,4.3176782,0.583,1.22,0.0523156089193825,0.0778688524590164,5700,5719.515625,3537110837630877568
WASP-35 b,3.161575,0.701,1.32,0.0271041369472182,0.0378787878787878,5990,5875.29736328125,3211188618762023424
WASP-36 b,1.53736423,2.286,1.281,0.0288713910761154,0.0202966432474629,5959,5776.0380859375,5750936092375254016
WASP-37 b,3.577469,1.72,1.16,0.0988372093023255,0.0560344827586207,5800,5660.41650390625,3652176997218325888
WASP-38 b,6.871815,2.648,1.09,0.021714501510574,0.018348623853211,6180,6046.36181640625,4453211899986180352
WASP-39 b,4.055259,0.28,1.27,0.107142857142857,0.0314960629921259,5400,5329.84814453125,3643098875168270592
WASP-4 b,1.3382299,1.25,1.341,0.0404,0.0193885160328113,5500,5502.59375,6535499658122055552
WASP-41 b,3.052404,0.94,1.18,0.0531914893617021,0.0254237288135593,5545,5425.76611328125,6160877943251930368
WASP-42 b,4.9816872,0.5,1.08,0.07,0.0527777777777777,5200,5027.5087890625,6139698733664726784
WASP-43 b,0.81347437,2.05,1.036,0.0248780487804878,0.0183397683397683,4400,4416.36865234375,3767805209112436736
WASP-44 b,2.423812,0.867,0.98,0.0738177623990772,0.0326530612244898,5410,5368.30224609375,2424406513428936832
WASP-45 b,3.126089,0.964,0.946,0.0591286307053941,0.0576109936575052,5150,5157.76708984375,2308834780352875904
WASP-46 b,1.43037,1.9,1.174,0.0578947368421052,0.0281090289608177,5600,5600.01513671875,6462994429708755072
WASP-47 b,4.159151,1.17674,1.147,0.0441176470588235,0.00784655623365301,5552,5400.1953125,2613413008919918976
WASP-47 d,9.030501,0.04877,0.326,0.0515685872462579,0.00920245398773006,5552,5400.1953125,2613413008919918976
WASP-47 e,0.78961,0.02832,0.163,0.055614406779661,0.0122699386503067,5552,5400.1953125,2613413008919918976
WASP-48 b,2.143634,1.031,1.67,0.0441319107662463,0.059880239520958,6000,6084.44775390625,2141754578242371584
WASP-49 b,2.7817387,0.378,1.115,0.0714285714285714,0.042152466367713,5600,5463.00390625,2991284369063612928
WASP-5 b,1.6284229,1.555,1.14,0.0443729903536977,0.0614035087719298,5700,5615.81787109375,6533307957785865856
WASP-50 b,1.9550938,1.46,1.153,0.0595890410958904,0.04163052905464,5400,5361.5546875,5160557726183065984
WASP-52 b,1.7497835,0.459,1.27,0.0468409586056644,0.0236220472440944,5000,5050.712890625,2666015878575546496
WASP-53 b,3.3098443,2.132,1.074,0.0436210131332082,0.0344506517690875,4953,4957.86669921875,5136559128264765184
WASP-54 b,3.6936411,0.606,1.653,0.0297029702970297,0.0523290986085904,6100,6025.767578125,3661983850663908608
WASP-55 b,4.465633,0.57,1.3,0.0701754385964912,0.0307692307692307,5960,5679.28515625,3603529272750802560
WASP-56 b,4.617101,0.599,1.092,0.0659432387312187,0.0311355311355311,5600,5667.9755859375,4001613814138156416
WASP-57 b,2.83891856,0.643,1.05,0.0855365474339035,0.0495238095238095,5600,5776.72021484375,6340377202215639936
WASP-6 b,3.36100239,0.483,1.224,0.0579710144927536,0.0420751633986928,5450,5390.583984375,2385171398768647552
WASP-61 b,3.8559,2.05,1.24,0.0853658536585365,0.0241935483870967,6250,6257.9384765625,2959177048983750016
WASP-62 b,4.411953,0.57,1.39,0.0701754385964912,0.0431654676258992,6280,6147.7919921875,4756649415309914240
WASP-63 b,4.37809,0.38,1.43,0.0789473684210526,0.0559440559440559,5570,5513.091796875,5574766468155514752
WASP-64 b,1.5732918,1.221,1.271,0.0589680589680589,0.030684500393391,5550,5581.125,5583523425437258240
WASP-65 b,2.3114243,1.54,1.112,0.100649350649351,0.0530575539568345,5600,5640.51708984375,596931979481073152
WASP-66 b,4.086052,2.32,1.39,0.0560344827586207,0.0647482014388489,6580,,5444147952811517696
WASP-68 b,5.084298,0.95,1.24,0.031578947368421,0.064516129032258,5911,,6860535606196306304
WASP-69 b,3.8681382,0.26,1.057,0.0653846153846153,0.0444654683065279,4715,4729.37744140625,6910753016653587840
WASP-7 b,4.9546416,0.96,1.33,0.135416666666667,0.0699248120300751,6400,6402.927734375,6681720724498802176
WASP-70 A b,3.7130203,0.59,1.164,0.0372881355932203,0.0751718213058419,5763,5678.0068359375,6888469489370835840
WASP-74 b,2.13775,0.95,1.56,0.0631578947368421,0.0384615384615384,5970,5807.3564453125,4224062406762625152
WASP-75 b,2.484193,1.07,1.27,0.0467289719626168,0.0377952755905511,6100,5845.6982421875,2605161444735454464
WASP-76 b,1.809886,0.92,1.83,0.0326086956521739,0.0273224043715847,6250,6220.279296875,2512326349403275520
WASP-77 A b,1.3600309,1.76,1.21,0.034090909090909,0.0165289256198347,5500,5659.384765625,5178405479960844160
WASP-78 b,2.1751763,0.817,1.59,0.0881272949816401,0.0628930817610062,6100,6178.6630859375,5089851638095503616
WASP-8 b,8.158715,2.132,1.038,0.0377579737335834,0.0260115606936416,5600,5578.888671875,2312679845530628096
WASP-80 b,3.06785234,0.538,0.999,0.0659851301115241,0.0305305305305305,4143,,4223507222112425344
WASP-81 b,2.7164762,0.729,1.429,0.0486968449931412,0.0339398180545836,5870,5532.3896484375,4244243354278985472
WASP-82 b,2.705782,1.24,1.67,0.032258064516129,0.0359281437125748,6490,6200.52197265625,3231856379348299008
WASP-83 b,4.971252,0.3,1.04,0.1,0.0625,5510,5408.7578125,3515865416826633984
WASP-84 b,8.5234962,0.687,0.976,0.0480349344978165,0.0256147540983606,5280,5283.73681640625,3078836109158636928
WASP-85 A b,2.6556777,1.265,1.24,0.0513833992094861,0.0241935483870967,6112,5782.46630859375,3909745223886018432
WASP-87 b,1.682795,2.18,1.385,0.0688073394495412,0.0433212996389891,6450,6306.21728515625,6077185317188247936
WASP-88 b,4.954,0.57,1.7,0.135964912280702,0.0588235294117647,6430,6174.81787109375,6482103014085857024
WASP-89 b,3.3564227,5.8,1.04,0.0603448275862068,0.0384615384615384,5000,4982.376953125,6857756246957592320
WASP-90 b,3.916243,0.63,1.63,0.111111111111111,0.0552147239263803,6430,5997.61279296875,1737061349198867456
WASP-91 b,2.798581,1.34,1.03,0.0597014925373134,0.0388349514563106,4920,5042.861328125,6386751579018596864
WASP-92 b,2.1746742,0.805,1.461,0.084472049689441,0.0527036276522929,6280,5903.31884765625,1424011082893734272
WASP-94 A b,3.9501907,0.452,1.72,0.0741150442477876,0.0319767441860465,6153,6077.9013671875,6780546169634170496
WASP-95 b,2.184673,1.13,1.21,0.0619469026548672,0.0495867768595041,5630,5718.4921875,6518399301667782016
WASP-96 b,3.4252602,0.48,1.2,0.0625,0.05,5540,5617.14697265625,4990044668377961984
WASP-97 b,2.07276,1.32,1.13,0.0378787878787878,0.0530973451327433,5640,5689.30517578125,4911563216311083392
WASP-98 b,2.96264,0.83,1.1,0.0843373493975903,0.0363636363636363,5525,5528.10302734375,4859136199796131200
WASP-99 b,5.75251,2.78,1.1,0.0467625899280575,0.059090909090909,6180,5937.6962890625,4745660479479743488
WTS-2 b,1.0187068,1.12,1.363,0.142857142857143,0.0447542186353631,5000,4778.33349609375,2048563889694771200
Wendelstein-1 b,2.663416,0.592,1.031,0.248310810810811,0.005819592628516,4251,4367.0791015625,1820530778750452096
Wolf 327 b,0.5734745,0.00796,0.111,0.1821608040201,0.045045045045045,3542,3187.37890625,796185407950360192
Wolf 503 b,6.00127,0.0197,0.182,0.110913705583756,0.0329670329670329,4716,,3620325206217720320
XO-1 b,3.94150685,0.913,1.206,0.0416210295728367,0.0368988391376451,5750,5848.9501953125,1316708918505350528
XO-2 N b,2.61585922,0.597,1.019,0.0351758793969849,0.0304219823356231,5332,5332.6728515625,934346809278715776
XO-3 b,3.19153285,11.7,1.217,0.0363247863247863,0.0599835661462612,6430,6715.04638671875,470650560779277952
XO-4 b,4.1250823,1.612,1.34,0.0170595533498759,0.0373134328358208,6400,6220.61767578125,990291507088739072
XO-5 b,4.18775581,1.046,1.109,0.031548757170172,0.0450856627592425,5370,5378.10107421875,920308932010648448
XO-7 b,2.8641424,0.709,1.373,0.0479548660084626,0.0189366351056081,6250,5933.39208984375,2303332931542914048
pi Men c,6.267852,0.0135,0.1882,0.162962962962963,0.0239107332624867,5998,5855.533203125,4623036865373793408
